v2.0 raw
1 1 4 4 8 8 c c
10 10 14 14 18 18 1c 1c
20 20 24 24 28 28 2c 2c
30 30 34 34 38 38 3c 3c
4 4 8 8 c c 10 10
14 14 18 18 1c 1c 20 20
24 24 28 28 2c 2c 30 30
34 34 38 38 3c 3c 41 41
8 8 c c 10 10 14 14
18 18 1c 1c 20 20 24 24
28 28 2c 2c 30 30 34 34
38 38 3c 3c 41 41 44 44
c c 10 10 14 14 18 18
1c 1c 20 20 24 24 28 28
2c 2c 30 30 34 34 38 38
3c 3c 41 41 44 44 48 48
10 10 14 14 18 18 1c 1c
20 20 24 24 28 28 2c 2c
30 30 34 34 38 38 3c 3c
41 41 44 44 48 48 4c 4c
14 14 18 18 1c 1c 20 20
24 24 28 28 2c 2c 30 30
34 34 38 38 3c 3c 41 41
44 44 48 48 4c 4c 50 50
18 18 1c 1c 20 20 24 24
28 28 2c 2c 30 30 34 34
38 38 3c 3c 41 41 44 44
48 48 4c 4c 50 50 54 54
1c 1c 20 20 24 24 28 28
2c 2c 30 30 34 34 38 38
3c 3c 41 41 44 44 48 48
4c 4c 50 50 54 54 58 58
20 20 24 24 28 28 2c 2c
30 30 34 34 38 38 3c 3c
41 41 44 44 48 48 4c 4c
50 50 54 54 58 58 5c 5c
24 24 28 28 2c 2c 30 30
34 34 38 38 3c 3c 41 41
44 44 48 48 4c 4c 50 50
54 54 58 58 5c 5c 60 60
28 28 2c 2c 30 30 34 34
38 38 3c 3c 41 41 44 44
48 48 4c 4c 50 50 54 54
58 58 5c 5c 60 60 64 64
2c 2c 30 30 34 34 38 38
3c 3c 41 41 44 44 48 48
4c 4c 50 50 54 54 58 58
5c 5c 60 60 64 64 68 68
30 30 34 34 38 38 3c 3c
41 41 44 44 48 48 4c 4c
50 50 54 54 58 58 5c 5c
60 60 64 64 68 68 6c 6c
34 34 38 38 3c 3c 41 41
44 44 48 48 4c 4c 50 50
54 54 58 58 5c 5c 60 60
64 64 68 68 6c 6c 70 70
38 38 3c 3c 41 41 44 44
48 48 4c 4c 50 50 54 54
58 58 5c 5c 60 60 64 64
68 68 6c 6c 70 70 74 74
3c 3c 41 41 44 44 48 48
4c 4c 50 50 54 54 58 58
5c 5c 60 60 64 64 68 68
6c 6c 70 70 74 74 78 78
1 1 4 4 8 8 c c
10 10 14 14 18 18 1c 1c
20 20 24 24 28 28 2c 2c
30 30 34 34 38 38 3c 3c
4 4 8 8 c c 10 10
14 14 18 18 1c 1c 20 20
24 24 28 28 2c 2c 30 30
34 34 38 38 3c 3c 41 41
8 8 c c 10 10 14 14
18 18 1c 1c 20 20 24 24
28 28 2c 2c 30 30 34 34
38 38 3c 3c 41 41 44 44
c c 10 10 14 14 18 18
1c 1c 20 20 24 24 28 28
2c 2c 30 30 34 34 38 38
3c 3c 41 41 44 44 48 48
10 10 14 14 18 18 1c 1c
20 20 24 24 28 28 2c 2c
30 30 34 34 38 38 3c 3c
41 41 44 44 48 48 4c 4c
14 14 18 18 1c 1c 20 20
24 24 28 28 2c 2c 30 30
34 34 38 38 3c 3c 41 41
44 44 48 48 4c 4c 50 50
18 18 1c 1c 20 20 24 24
28 28 2c 2c 30 30 34 34
38 38 3c 3c 41 41 44 44
48 48 4c 4c 50 50 54 54
1c 1c 20 20 24 24 28 28
2c 2c 30 30 34 34 38 38
3c 3c 41 41 44 44 48 48
4c 4c 50 50 54 54 58 58
20 20 24 24 28 28 2c 2c
30 30 34 34 38 38 3c 3c
41 41 44 44 48 48 4c 4c
50 50 54 54 58 58 5c 5c
24 24 28 28 2c 2c 30 30
34 34 38 38 3c 3c 41 41
44 44 48 48 4c 4c 50 50
54 54 58 58 5c 5c 60 60
28 28 2c 2c 30 30 34 34
38 38 3c 3c 41 41 44 44
48 48 4c 4c 50 50 54 54
58 58 5c 5c 60 60 64 64
2c 2c 30 30 34 34 38 38
3c 3c 41 41 44 44 48 48
4c 4c 50 50 54 54 58 58
5c 5c 60 60 64 64 68 68
30 30 34 34 38 38 3c 3c
41 41 44 44 48 48 4c 4c
50 50 54 54 58 58 5c 5c
60 60 64 64 68 68 6c 6c
34 34 38 38 3c 3c 41 41
44 44 48 48 4c 4c 50 50
54 54 58 58 5c 5c 60 60
64 64 68 68 6c 6c 70 70
38 38 3c 3c 41 41 44 44
48 48 4c 4c 50 50 54 54
58 58 5c 5c 60 60 64 64
68 68 6c 6c 70 70 74 74
3c 3c 41 41 44 44 48 48
4c 4c 50 50 54 54 58 58
5c 5c 60 60 64 64 68 68
6c 6c 70 70 74 74 78 78
1 1 4 4 8 8 c c
10 10 14 14 18 18 1c 1c
20 20 24 24 28 28 2c 2c
30 30 34 34 38 38 3c 3c
7c 7c 1 1 4 4 8 8
c c 10 10 14 14 18 18
1c 1c 20 20 24 24 28 28
2c 2c 30 30 34 34 38 38
78 78 7c 7c 1 1 4 4
8 8 c c 10 10 14 14
18 18 1c 1c 20 20 24 24
28 28 2c 2c 30 30 34 34
74 74 78 78 7c 7c 1 1
4 4 8 8 c c 10 10
14 14 18 18 1c 1c 20 20
24 24 28 28 2c 2c 30 30
70 70 74 74 78 78 7c 7c
1 1 4 4 8 8 c c
10 10 14 14 18 18 1c 1c
20 20 24 24 28 28 2c 2c
6c 6c 70 70 74 74 78 78
7c 7c 1 1 4 4 8 8
c c 10 10 14 14 18 18
1c 1c 20 20 24 24 28 28
68 68 6c 6c 70 70 74 74
78 78 7c 7c 1 1 4 4
8 8 c c 10 10 14 14
18 18 1c 1c 20 20 24 24
64 64 68 68 6c 6c 70 70
74 74 78 78 7c 7c 1 1
4 4 8 8 c c 10 10
14 14 18 18 1c 1c 20 20
60 60 64 64 68 68 6c 6c
70 70 74 74 78 78 7c 7c
1 1 4 4 8 8 c c
10 10 14 14 18 18 1c 1c
5c 5c 60 60 64 64 68 68
6c 6c 70 70 74 74 78 78
7c 7c 1 1 4 4 8 8
c c 10 10 14 14 18 18
58 58 5c 5c 60 60 64 64
68 68 6c 6c 70 70 74 74
78 78 7c 7c 1 1 4 4
8 8 c c 10 10 14 14
54 54 58 58 5c 5c 60 60
64 64 68 68 6c 6c 70 70
74 74 78 78 7c 7c 1 1
4 4 8 8 c c 10 10
50 50 54 54 58 58 5c 5c
60 60 64 64 68 68 6c 6c
70 70 74 74 78 78 7c 7c
1 1 4 4 8 8 c c
4c 4c 50 50 54 54 58 58
5c 5c 60 60 64 64 68 68
6c 6c 70 70 74 74 78 78
7c 7c 1 1 4 4 8 8
48 48 4c 4c 50 50 54 54
58 58 5c 5c 60 60 64 64
68 68 6c 6c 70 70 74 74
78 78 7c 7c 1 1 4 4
44 44 48 48 4c 4c 50 50
54 54 58 58 5c 5c 60 60
64 64 68 68 6c 6c 70 70
74 74 78 78 7c 7c 4*1 4
4 8 8 c c 10 10 14
14 18 18 1c 1c 20 20 24
24 28 28 2c 2c 30 30 34
34 38 38 3c 3c 7c 7c 1
1 4 4 8 8 c c 10
10 14 14 18 18 1c 1c 20
20 24 24 28 28 2c 2c 30
30 34 34 38 38 78 78 7c
7c 1 1 4 4 8 8 c
c 10 10 14 14 18 18 1c
1c 20 20 24 24 28 28 2c
2c 30 30 34 34 74 74 78
78 7c 7c 1 1 4 4 8
8 c c 10 10 14 14 18
18 1c 1c 20 20 24 24 28
28 2c 2c 30 30 70 70 74
74 78 78 7c 7c 1 1 4
4 8 8 c c 10 10 14
14 18 18 1c 1c 20 20 24
24 28 28 2c 2c 6c 6c 70
70 74 74 78 78 7c 7c 1
1 4 4 8 8 c c 10
10 14 14 18 18 1c 1c 20
20 24 24 28 28 68 68 6c
6c 70 70 74 74 78 78 7c
7c 1 1 4 4 8 8 c
c 10 10 14 14 18 18 1c
1c 20 20 24 24 64 64 68
68 6c 6c 70 70 74 74 78
78 7c 7c 1 1 4 4 8
8 c c 10 10 14 14 18
18 1c 1c 20 20 60 60 64
64 68 68 6c 6c 70 70 74
74 78 78 7c 7c 1 1 4
4 8 8 c c 10 10 14
14 18 18 1c 1c 5c 5c 60
60 64 64 68 68 6c 6c 70
70 74 74 78 78 7c 7c 1
1 4 4 8 8 c c 10
10 14 14 18 18 58 58 5c
5c 60 60 64 64 68 68 6c
6c 70 70 74 74 78 78 7c
7c 1 1 4 4 8 8 c
c 10 10 14 14 54 54 58
58 5c 5c 60 60 64 64 68
68 6c 6c 70 70 74 74 78
78 7c 7c 1 1 4 4 8
8 c c 10 10 50 50 54
54 58 58 5c 5c 60 60 64
64 68 68 6c 6c 70 70 74
74 78 78 7c 7c 1 1 4
4 8 8 c c 4c 4c 50
50 54 54 58 58 5c 5c 60
60 64 64 68 68 6c 6c 70
70 74 74 78 78 7c 7c 1
1 4 4 8 8 48 48 4c
4c 50 50 54 54 58 58 5c
5c 60 60 64 64 68 68 6c
6c 70 70 74 74 78 78 7c
7c 1 1 4 4 44 44 48
48 4c 4c 50 50 54 54 58
58 5c 5c 60 60 64 64 68
68 6c 6c 70 70 74 74 78
78 7c 7c 1 1 4 4 8
8 c c 10 10 14 14 18
18 1c 1c 20 20 24 24 28
28 2c 2c 30 30 34 34 38
38 3c 3c 41 41 4 4 8
8 c c 10 10 14 14 18
18 1c 1c 20 20 24 24 28
28 2c 2c 30 30 34 34 38
38 3c 3c 41 41 4 4 8
8 c c 10 10 14 14 18
18 1c 1c 20 20 24 24 28
28 2c 2c 30 30 34 34 38
38 3c 3c 41 41 4 4 8
8 c c 10 10 14 14 18
18 1c 1c 20 20 24 24 28
28 2c 2c 30 30 34 34 38
38 3c 3c 41 41 4 4 8
8 c c 10 10 14 14 18
18 1c 1c 20 20 24 24 28
28 2c 2c 30 30 34 34 38
38 3c 3c 41 41 4 4 8
8 c c 10 10 14 14 18
18 1c 1c 20 20 24 24 28
28 2c 2c 30 30 34 34 38
38 3c 3c 41 41 4 4 8
8 c c 10 10 14 14 18
18 1c 1c 20 20 24 24 28
28 2c 2c 30 30 34 34 38
38 3c 3c 41 41 4 4 8
8 c c 10 10 14 14 18
18 1c 1c 20 20 24 24 28
28 2c 2c 30 30 34 34 38
38 3c 3c 41 41 4 4 8
8 c c 10 10 14 14 18
18 1c 1c 20 20 24 24 28
28 2c 2c 30 30 34 34 38
38 3c 3c 41 41 4 4 8
8 c c 10 10 14 14 18
18 1c 1c 20 20 24 24 28
28 2c 2c 30 30 34 34 38
38 3c 3c 41 41 4 4 8
8 c c 10 10 14 14 18
18 1c 1c 20 20 24 24 28
28 2c 2c 30 30 34 34 38
38 3c 3c 41 41 4 4 8
8 c c 10 10 14 14 18
18 1c 1c 20 20 24 24 28
28 2c 2c 30 30 34 34 38
38 3c 3c 41 41 4 4 8
8 c c 10 10 14 14 18
18 1c 1c 20 20 24 24 28
28 2c 2c 30 30 34 34 38
38 3c 3c 41 41 4 4 8
8 c c 10 10 14 14 18
18 1c 1c 20 20 24 24 28
28 2c 2c 30 30 34 34 38
38 3c 3c 41 41 4 4 8
8 c c 10 10 14 14 18
18 1c 1c 20 20 24 24 28
28 2c 2c 30 30 34 34 38
38 3c 3c 41 41 4 4 8
8 c c 10 10 14 14 18
18 1c 1c 20 20 24 24 28
28 2c 2c 30 30 34 34 38
38 3c 3c 41 41 4 4 8
8 c c 10 10 14 14 18
18 1c 1c 20 20 24 24 28
28 2c 2c 30 30 34 34 38
38 3c 3c 41 41 4 4 8
8 c c 10 10 14 14 18
18 1c 1c 20 20 24 24 28
28 2c 2c 30 30 34 34 38
38 3c 3c 41 41 4 4 8
8 c c 10 10 14 14 18
18 1c 1c 20 20 24 24 28
28 2c 2c 30 30 34 34 38
38 3c 3c 41 41 4 4 8
8 c c 10 10 14 14 18
18 1c 1c 20 20 24 24 28
28 2c 2c 30 30 34 34 38
38 3c 3c 41 41 4 4 8
8 c c 10 10 14 14 18
18 1c 1c 20 20 24 24 28
28 2c 2c 30 30 34 34 38
38 3c 3c 41 41 4 4 8
8 c c 10 10 14 14 18
18 1c 1c 20 20 24 24 28
28 2c 2c 30 30 34 34 38
38 3c 3c 41 41 4 4 8
8 c c 10 10 14 14 18
18 1c 1c 20 20 24 24 28
28 2c 2c 30 30 34 34 38
38 3c 3c 41 41 4 4 8
8 c c 10 10 14 14 18
18 1c 1c 20 20 24 24 28
28 2c 2c 30 30 34 34 38
38 3c 3c 41 41 4 4 8
8 c c 10 10 14 14 18
18 1c 1c 20 20 24 24 28
28 2c 2c 30 30 34 34 38
38 3c 3c 41 41 4 4 8
8 c c 10 10 14 14 18
18 1c 1c 20 20 24 24 28
28 2c 2c 30 30 34 34 38
38 3c 3c 41 41 4 4 8
8 c c 10 10 14 14 18
18 1c 1c 20 20 24 24 28
28 2c 2c 30 30 34 34 38
38 3c 3c 41 41 4 4 8
8 c c 10 10 14 14 18
18 1c 1c 20 20 24 24 28
28 2c 2c 30 30 34 34 38
38 3c 3c 41 41 4 4 8
8 c c 10 10 14 14 18
18 1c 1c 20 20 24 24 28
28 2c 2c 30 30 34 34 38
38 3c 3c 41 41 4 4 8
8 c c 10 10 14 14 18
18 1c 1c 20 20 24 24 28
28 2c 2c 30 30 34 34 38
38 3c 3c 41 41 4 4 8
8 c c 10 10 14 14 18
18 1c 1c 20 20 24 24 28
28 2c 2c 30 30 34 34 38
38 3c 3c 41 41 4 4 8
8 c c 10 10 14 14 18
18 1c 1c 20 20 24 24 28
28 2c 2c 30 30 34 34 38
38 3c 3c 41 41 7c 7c 1
1 4 4 8 8 c c 10
10 14 14 18 18 1c 1c 20
20 24 24 28 28 2c 2c 30
30 34 34 38 38 7c 7c 1
1 4 4 8 8 c c 10
10 14 14 18 18 1c 1c 20
20 24 24 28 28 2c 2c 30
30 34 34 38 38 7c 7c 1
1 4 4 8 8 c c 10
10 14 14 18 18 1c 1c 20
20 24 24 28 28 2c 2c 30
30 34 34 38 38 7c 7c 1
1 4 4 8 8 c c 10
10 14 14 18 18 1c 1c 20
20 24 24 28 28 2c 2c 30
30 34 34 38 38 7c 7c 1
1 4 4 8 8 c c 10
10 14 14 18 18 1c 1c 20
20 24 24 28 28 2c 2c 30
30 34 34 38 38 7c 7c 1
1 4 4 8 8 c c 10
10 14 14 18 18 1c 1c 20
20 24 24 28 28 2c 2c 30
30 34 34 38 38 7c 7c 1
1 4 4 8 8 c c 10
10 14 14 18 18 1c 1c 20
20 24 24 28 28 2c 2c 30
30 34 34 38 38 7c 7c 1
1 4 4 8 8 c c 10
10 14 14 18 18 1c 1c 20
20 24 24 28 28 2c 2c 30
30 34 34 38 38 7c 7c 1
1 4 4 8 8 c c 10
10 14 14 18 18 1c 1c 20
20 24 24 28 28 2c 2c 30
30 34 34 38 38 7c 7c 1
1 4 4 8 8 c c 10
10 14 14 18 18 1c 1c 20
20 24 24 28 28 2c 2c 30
30 34 34 38 38 7c 7c 1
1 4 4 8 8 c c 10
10 14 14 18 18 1c 1c 20
20 24 24 28 28 2c 2c 30
30 34 34 38 38 7c 7c 1
1 4 4 8 8 c c 10
10 14 14 18 18 1c 1c 20
20 24 24 28 28 2c 2c 30
30 34 34 38 38 7c 7c 1
1 4 4 8 8 c c 10
10 14 14 18 18 1c 1c 20
20 24 24 28 28 2c 2c 30
30 34 34 38 38 7c 7c 1
1 4 4 8 8 c c 10
10 14 14 18 18 1c 1c 20
20 24 24 28 28 2c 2c 30
30 34 34 38 38 7c 7c 1
1 4 4 8 8 c c 10
10 14 14 18 18 1c 1c 20
20 24 24 28 28 2c 2c 30
30 34 34 38 38 7c 7c 1
1 4 4 8 8 c c 10
10 14 14 18 18 1c 1c 20
20 24 24 28 28 2c 2c 30
30 34 34 38 38 7c 7c 1
1 4 4 8 8 c c 10
10 14 14 18 18 1c 1c 20
20 24 24 28 28 2c 2c 30
30 34 34 38 38 7c 7c 1
1 4 4 8 8 c c 10
10 14 14 18 18 1c 1c 20
20 24 24 28 28 2c 2c 30
30 34 34 38 38 7c 7c 1
1 4 4 8 8 c c 10
10 14 14 18 18 1c 1c 20
20 24 24 28 28 2c 2c 30
30 34 34 38 38 7c 7c 1
1 4 4 8 8 c c 10
10 14 14 18 18 1c 1c 20
20 24 24 28 28 2c 2c 30
30 34 34 38 38 7c 7c 1
1 4 4 8 8 c c 10
10 14 14 18 18 1c 1c 20
20 24 24 28 28 2c 2c 30
30 34 34 38 38 7c 7c 1
1 4 4 8 8 c c 10
10 14 14 18 18 1c 1c 20
20 24 24 28 28 2c 2c 30
30 34 34 38 38 7c 7c 1
1 4 4 8 8 c c 10
10 14 14 18 18 1c 1c 20
20 24 24 28 28 2c 2c 30
30 34 34 38 38 7c 7c 1
1 4 4 8 8 c c 10
10 14 14 18 18 1c 1c 20
20 24 24 28 28 2c 2c 30
30 34 34 38 38 7c 7c 1
1 4 4 8 8 c c 10
10 14 14 18 18 1c 1c 20
20 24 24 28 28 2c 2c 30
30 34 34 38 38 7c 7c 1
1 4 4 8 8 c c 10
10 14 14 18 18 1c 1c 20
20 24 24 28 28 2c 2c 30
30 34 34 38 38 7c 7c 1
1 4 4 8 8 c c 10
10 14 14 18 18 1c 1c 20
20 24 24 28 28 2c 2c 30
30 34 34 38 38 7c 7c 1
1 4 4 8 8 c c 10
10 14 14 18 18 1c 1c 20
20 24 24 28 28 2c 2c 30
30 34 34 38 38 7c 7c 1
1 4 4 8 8 c c 10
10 14 14 18 18 1c 1c 20
20 24 24 28 28 2c 2c 30
30 34 34 38 38 7c 7c 1
1 4 4 8 8 c c 10
10 14 14 18 18 1c 1c 20
20 24 24 28 28 2c 2c 30
30 34 34 38 38 7c 7c 1
1 4 4 8 8 c c 10
10 14 14 18 18 1c 1c 20
20 24 24 28 28 2c 2c 30
30 34 34 38 38 7c 7c 1
1 4 4 8 8 c c 10
10 14 14 18 18 1c 1c 20
20 24 24 28 28 2c 2c 30
30 34 34 38 38 1 1 3
3 4 4 6 6 8 8 a
a c c e e 10 10 12
12 14 14 16 16 18 18 1a
1a 1c 1c 1e 1e 1 1 3
3 4 4 6 6 8 8 a
a c c e e 10 10 12
12 14 14 16 16 18 18 1a
1a 1c 1c 1e 1e 1 1 3
3 4 4 6 6 8 8 a
a c c e e 10 10 12
12 14 14 16 16 18 18 1a
1a 1c 1c 1e 1e 1 1 3
3 4 4 6 6 8 8 a
a c c e e 10 10 12
12 14 14 16 16 18 18 1a
1a 1c 1c 1e 1e 1 1 3
3 4 4 6 6 8 8 a
a c c e e 10 10 12
12 14 14 16 16 18 18 1a
1a 1c 1c 1e 1e 1 1 3
3 4 4 6 6 8 8 a
a c c e e 10 10 12
12 14 14 16 16 18 18 1a
1a 1c 1c 1e 1e 1 1 3
3 4 4 6 6 8 8 a
a c c e e 10 10 12
12 14 14 16 16 18 18 1a
1a 1c 1c 1e 1e 1 1 3
3 4 4 6 6 8 8 a
a c c e e 10 10 12
12 14 14 16 16 18 18 1a
1a 1c 1c 1e 1e 1 1 3
3 4 4 6 6 8 8 a
a c c e e 10 10 12
12 14 14 16 16 18 18 1a
1a 1c 1c 1e 1e 1 1 3
3 4 4 6 6 8 8 a
a c c e e 10 10 12
12 14 14 16 16 18 18 1a
1a 1c 1c 1e 1e 1 1 3
3 4 4 6 6 8 8 a
a c c e e 10 10 12
12 14 14 16 16 18 18 1a
1a 1c 1c 1e 1e 1 1 3
3 4 4 6 6 8 8 a
a c c e e 10 10 12
12 14 14 16 16 18 18 1a
1a 1c 1c 1e 1e 1 1 3
3 4 4 6 6 8 8 a
a c c e e 10 10 12
12 14 14 16 16 18 18 1a
1a 1c 1c 1e 1e 1 1 3
3 4 4 6 6 8 8 a
a c c e e 10 10 12
12 14 14 16 16 18 18 1a
1a 1c 1c 1e 1e 1 1 3
3 4 4 6 6 8 8 a
a c c e e 10 10 12
12 14 14 16 16 18 18 1a
1a 1c 1c 1e 1e 1 1 3
3 4 4 6 6 8 8 a
a c c e e 10 10 12
12 14 14 16 16 18 18 1a
1a 1c 1c 1e 1e 20 20 22
22 24 24 26 26 28 28 2a
2a 2c 2c 2e 2e 30 30 32
32 34 34 36 36 38 38 3a
3a 3c 3c 3e 3e 20 20 22
22 24 24 26 26 28 28 2a
2a 2c 2c 2e 2e 30 30 32
32 34 34 36 36 38 38 3a
3a 3c 3c 3e 3e 20 20 22
22 24 24 26 26 28 28 2a
2a 2c 2c 2e 2e 30 30 32
32 34 34 36 36 38 38 3a
3a 3c 3c 3e 3e 20 20 22
22 24 24 26 26 28 28 2a
2a 2c 2c 2e 2e 30 30 32
32 34 34 36 36 38 38 3a
3a 3c 3c 3e 3e 20 20 22
22 24 24 26 26 28 28 2a
2a 2c 2c 2e 2e 30 30 32
32 34 34 36 36 38 38 3a
3a 3c 3c 3e 3e 20 20 22
22 24 24 26 26 28 28 2a
2a 2c 2c 2e 2e 30 30 32
32 34 34 36 36 38 38 3a
3a 3c 3c 3e 3e 20 20 22
22 24 24 26 26 28 28 2a
2a 2c 2c 2e 2e 30 30 32
32 34 34 36 36 38 38 3a
3a 3c 3c 3e 3e 20 20 22
22 24 24 26 26 28 28 2a
2a 2c 2c 2e 2e 30 30 32
32 34 34 36 36 38 38 3a
3a 3c 3c 3e 3e 20 20 22
22 24 24 26 26 28 28 2a
2a 2c 2c 2e 2e 30 30 32
32 34 34 36 36 38 38 3a
3a 3c 3c 3e 3e 20 20 22
22 24 24 26 26 28 28 2a
2a 2c 2c 2e 2e 30 30 32
32 34 34 36 36 38 38 3a
3a 3c 3c 3e 3e 20 20 22
22 24 24 26 26 28 28 2a
2a 2c 2c 2e 2e 30 30 32
32 34 34 36 36 38 38 3a
3a 3c 3c 3e 3e 20 20 22
22 24 24 26 26 28 28 2a
2a 2c 2c 2e 2e 30 30 32
32 34 34 36 36 38 38 3a
3a 3c 3c 3e 3e 20 20 22
22 24 24 26 26 28 28 2a
2a 2c 2c 2e 2e 30 30 32
32 34 34 36 36 38 38 3a
3a 3c 3c 3e 3e 20 20 22
22 24 24 26 26 28 28 2a
2a 2c 2c 2e 2e 30 30 32
32 34 34 36 36 38 38 3a
3a 3c 3c 3e 3e 20 20 22
22 24 24 26 26 28 28 2a
2a 2c 2c 2e 2e 30 30 32
32 34 34 36 36 38 38 3a
3a 3c 3c 3e 3e 20 20 22
22 24 24 26 26 28 28 2a
2a 2c 2c 2e 2e 30 30 32
32 34 34 36 36 38 38 3a
3a 3c 3c 3e 3e 1 4 8
c 10 14 18 1c 20 24 28
2c 30 34 38 3c 41 44 48
4c 50 54 58 5c 60 64 68
6c 70 74 78 7c 1 4 8
c 10 14 18 1c 20 24 28
2c 30 34 38 3c 41 44 48
4c 50 54 58 5c 60 64 68
6c 70 74 78 7c 1 4 8
c 10 14 18 1c 20 24 28
2c 30 34 38 3c 41 44 48
4c 50 54 58 5c 60 64 68
6c 70 74 78 7c 1 4 8
c 10 14 18 1c 20 24 28
2c 30 34 38 3c 41 44 48
4c 50 54 58 5c 60 64 68
6c 70 74 78 7c 1 4 8
c 10 14 18 1c 20 24 28
2c 30 34 38 3c 41 44 48
4c 50 54 58 5c 60 64 68
6c 70 74 78 7c 1 4 8
c 10 14 18 1c 20 24 28
2c 30 34 38 3c 41 44 48
4c 50 54 58 5c 60 64 68
6c 70 74 78 7c 1 4 8
c 10 14 18 1c 20 24 28
2c 30 34 38 3c 41 44 48
4c 50 54 58 5c 60 64 68
6c 70 74 78 7c 1 4 8
c 10 14 18 1c 20 24 28
2c 30 34 38 3c 41 44 48
4c 50 54 58 5c 60 64 68
6c 70 74 78 7c 1 4 8
c 10 14 18 1c 20 24 28
2c 30 34 38 3c 41 44 48
4c 50 54 58 5c 60 64 68
6c 70 74 78 7c 1 4 8
c 10 14 18 1c 20 24 28
2c 30 34 38 3c 41 44 48
4c 50 54 58 5c 60 64 68
6c 70 74 78 7c 1 4 8
c 10 14 18 1c 20 24 28
2c 30 34 38 3c 41 44 48
4c 50 54 58 5c 60 64 68
6c 70 74 78 7c 1 4 8
c 10 14 18 1c 20 24 28
2c 30 34 38 3c 41 44 48
4c 50 54 58 5c 60 64 68
6c 70 74 78 7c 1 4 8
c 10 14 18 1c 20 24 28
2c 30 34 38 3c 41 44 48
4c 50 54 58 5c 60 64 68
6c 70 74 78 7c 1 4 8
c 10 14 18 1c 20 24 28
2c 30 34 38 3c 41 44 48
4c 50 54 58 5c 60 64 68
6c 70 74 78 7c 1 4 8
c 10 14 18 1c 20 24 28
2c 30 34 38 3c 41 44 48
4c 50 54 58 5c 60 64 68
6c 70 74 78 7c 1 4 8
c 10 14 18 1c 20 24 28
2c 30 34 38 3c 41 44 48
4c 50 54 58 5c 60 64 68
6c 70 74 78 7c 1 4 8
c 10 14 18 1c 20 24 28
2c 30 34 38 3c 41 44 48
4c 50 54 58 5c 60 64 68
6c 70 74 78 7c 1 4 8
c 10 14 18 1c 20 24 28
2c 30 34 38 3c 41 44 48
4c 50 54 58 5c 60 64 68
6c 70 74 78 7c 1 4 8
c 10 14 18 1c 20 24 28
2c 30 34 38 3c 41 44 48
4c 50 54 58 5c 60 64 68
6c 70 74 78 7c 1 4 8
c 10 14 18 1c 20 24 28
2c 30 34 38 3c 41 44 48
4c 50 54 58 5c 60 64 68
6c 70 74 78 7c 1 4 8
c 10 14 18 1c 20 24 28
2c 30 34 38 3c 41 44 48
4c 50 54 58 5c 60 64 68
6c 70 74 78 7c 1 4 8
c 10 14 18 1c 20 24 28
2c 30 34 38 3c 41 44 48
4c 50 54 58 5c 60 64 68
6c 70 74 78 7c 1 4 8
c 10 14 18 1c 20 24 28
2c 30 34 38 3c 41 44 48
4c 50 54 58 5c 60 64 68
6c 70 74 78 7c 1 4 8
c 10 14 18 1c 20 24 28
2c 30 34 38 3c 41 44 48
4c 50 54 58 5c 60 64 68
6c 70 74 78 7c 1 4 8
c 10 14 18 1c 20 24 28
2c 30 34 38 3c 41 44 48
4c 50 54 58 5c 60 64 68
6c 70 74 78 7c 1 4 8
c 10 14 18 1c 20 24 28
2c 30 34 38 3c 41 44 48
4c 50 54 58 5c 60 64 68
6c 70 74 78 7c 1 4 8
c 10 14 18 1c 20 24 28
2c 30 34 38 3c 41 44 48
4c 50 54 58 5c 60 64 68
6c 70 74 78 7c 1 4 8
c 10 14 18 1c 20 24 28
2c 30 34 38 3c 41 44 48
4c 50 54 58 5c 60 64 68
6c 70 74 78 7c 1 4 8
c 10 14 18 1c 20 24 28
2c 30 34 38 3c 41 44 48
4c 50 54 58 5c 60 64 68
6c 70 74 78 7c 1 4 8
c 10 14 18 1c 20 24 28
2c 30 34 38 3c 41 44 48
4c 50 54 58 5c 60 64 68
6c 70 74 78 7c 1 4 8
c 10 14 18 1c 20 24 28
2c 30 34 38 3c 41 44 48
4c 50 54 58 5c 60 64 68
6c 70 74 78 7c 1 4 8
c 10 14 18 1c 20 24 28
2c 30 34 38 3c 41 44 48
4c 50 54 58 5c 60 64 68
6c 70 74 78 7c 32*1 32*4 32*8
32*c 32*10 32*14 32*18 32*1c 32*20 32*24 32*28
32*2c 32*30 32*34 32*38 32*3c 32*1 32*4 32*8
32*c 32*10 32*14 32*18 32*1c 32*20 32*24 32*28
32*2c 32*30 32*34 32*38 32*3c 41 41 3c
3c 38 38 34 34 30 30 2c
2c 28 28 24 24 20 20 1c
1c 18 18 14 14 10 10 c
c 8 8 4 4 41 41 3c
3c 38 38 34 34 30 30 2c
2c 28 28 24 24 20 20 1c
1c 18 18 14 14 10 10 c
c 8 8 4 4 41 41 3c
3c 38 38 34 34 30 30 2c
2c 28 28 24 24 20 20 1c
1c 18 18 14 14 10 10 c
c 8 8 4 4 41 41 3c
3c 38 38 34 34 30 30 2c
2c 28 28 24 24 20 20 1c
1c 18 18 14 14 10 10 c
c 8 8 4 4 41 41 3c
3c 38 38 34 34 30 30 2c
2c 28 28 24 24 20 20 1c
1c 18 18 14 14 10 10 c
c 8 8 4 4 41 41 3c
3c 38 38 34 34 30 30 2c
2c 28 28 24 24 20 20 1c
1c 18 18 14 14 10 10 c
c 8 8 4 4 41 41 3c
3c 38 38 34 34 30 30 2c
2c 28 28 24 24 20 20 1c
1c 18 18 14 14 10 10 c
c 8 8 4 4 41 41 3c
3c 38 38 34 34 30 30 2c
2c 28 28 24 24 20 20 1c
1c 18 18 14 14 10 10 c
c 8 8 4 4 41 41 3c
3c 38 38 34 34 30 30 2c
2c 28 28 24 24 20 20 1c
1c 18 18 14 14 10 10 c
c 8 8 4 4 41 41 3c
3c 38 38 34 34 30 30 2c
2c 28 28 24 24 20 20 1c
1c 18 18 14 14 10 10 c
c 8 8 4 4 41 41 3c
3c 38 38 34 34 30 30 2c
2c 28 28 24 24 20 20 1c
1c 18 18 14 14 10 10 c
c 8 8 4 4 41 41 3c
3c 38 38 34 34 30 30 2c
2c 28 28 24 24 20 20 1c
1c 18 18 14 14 10 10 c
c 8 8 4 4 41 41 3c
3c 38 38 34 34 30 30 2c
2c 28 28 24 24 20 20 1c
1c 18 18 14 14 10 10 c
c 8 8 4 4 41 41 3c
3c 38 38 34 34 30 30 2c
2c 28 28 24 24 20 20 1c
1c 18 18 14 14 10 10 c
c 8 8 4 4 41 41 3c
3c 38 38 34 34 30 30 2c
2c 28 28 24 24 20 20 1c
1c 18 18 14 14 10 10 c
c 8 8 4 4 41 41 3c
3c 38 38 34 34 30 30 2c
2c 28 28 24 24 20 20 1c
1c 18 18 14 14 10 10 c
c 8 8 4 4 41 41 3c
3c 38 38 34 34 30 30 2c
2c 28 28 24 24 20 20 1c
1c 18 18 14 14 10 10 c
c 8 8 4 4 41 41 3c
3c 38 38 34 34 30 30 2c
2c 28 28 24 24 20 20 1c
1c 18 18 14 14 10 10 c
c 8 8 4 4 41 41 3c
3c 38 38 34 34 30 30 2c
2c 28 28 24 24 20 20 1c
1c 18 18 14 14 10 10 c
c 8 8 4 4 41 41 3c
3c 38 38 34 34 30 30 2c
2c 28 28 24 24 20 20 1c
1c 18 18 14 14 10 10 c
c 8 8 4 4 41 41 3c
3c 38 38 34 34 30 30 2c
2c 28 28 24 24 20 20 1c
1c 18 18 14 14 10 10 c
c 8 8 4 4 41 41 3c
3c 38 38 34 34 30 30 2c
2c 28 28 24 24 20 20 1c
1c 18 18 14 14 10 10 c
c 8 8 4 4 41 41 3c
3c 38 38 34 34 30 30 2c
2c 28 28 24 24 20 20 1c
1c 18 18 14 14 10 10 c
c 8 8 4 4 41 41 3c
3c 38 38 34 34 30 30 2c
2c 28 28 24 24 20 20 1c
1c 18 18 14 14 10 10 c
c 8 8 4 4 41 41 3c
3c 38 38 34 34 30 30 2c
2c 28 28 24 24 20 20 1c
1c 18 18 14 14 10 10 c
c 8 8 4 4 41 41 3c
3c 38 38 34 34 30 30 2c
2c 28 28 24 24 20 20 1c
1c 18 18 14 14 10 10 c
c 8 8 4 4 41 41 3c
3c 38 38 34 34 30 30 2c
2c 28 28 24 24 20 20 1c
1c 18 18 14 14 10 10 c
c 8 8 4 4 41 41 3c
3c 38 38 34 34 30 30 2c
2c 28 28 24 24 20 20 1c
1c 18 18 14 14 10 10 c
c 8 8 4 4 41 41 3c
3c 38 38 34 34 30 30 2c
2c 28 28 24 24 20 20 1c
1c 18 18 14 14 10 10 c
c 8 8 4 4 41 41 3c
3c 38 38 34 34 30 30 2c
2c 28 28 24 24 20 20 1c
1c 18 18 14 14 10 10 c
c 8 8 4 4 41 41 3c
3c 38 38 34 34 30 30 2c
2c 28 28 24 24 20 20 1c
1c 18 18 14 14 10 10 c
c 8 8 4 4 41 41 3c
3c 38 38 34 34 30 30 2c
2c 28 28 24 24 20 20 1c
1c 18 18 14 14 10 10 c
c 8 8 4 4 34*1 4 4
1 1 4 4 1 1 4 4
1 1 4 4 1 1 4 4
1 1 4 4 1 1 4 4
1 1 4 4 4*1 4*8 4*1 4*8
4*1 4*8 4*1 4*8 1 1 4 4
8 8 c c 1 1 4 4
8 8 c c 1 1 4 4
8 8 c c 1 1 4 4
8 8 c c 8*1 8*10 8*1 8*10
1 1 4 4 1 1 4 4
10 10 14 14 10 10 14 14
1 1 4 4 1 1 4 4
10 10 14 14 10 10 14 14
4*1 4*8 4*10 4*18 4*1 4*8 4*10 4*18
1 1 4 4 8 8 c c
10 10 14 14 18 18 1c 1c
1 1 4 4 8 8 c c
10 10 14 14 18 18 1c 1c
16*1 16*20 1 1 4 4 1 1
4 4 1 1 4 4 1 1
4 4 20 20 24 24 20 20
24 24 20 20 24 24 20 20
24 24 4*1 4*8 4*1 4*8 4*20 4*28
4*20 4*28 1 1 4 4 8 8
c c 1 1 4 4 8 8
c c 20 20 24 24 28 28
2c 2c 20 20 24 24 28 28
2c 2c 8*1 8*10 8*20 8*30 1 1
4 4 1 1 4 4 10 10
14 14 10 10 14 14 20 20
24 24 20 20 24 24 30 30
34 34 30 30 34 34 4*1 4*8
4*10 4*18 4*20 4*28 4*30 4*38 1 1
4 4 8 8 c c 10 10
14 14 18 18 1c 1c 20 20
24 24 28 28 2c 2c 30 30
34 34 38 38 3c 3c 34*1 4
4 1 1 4 4 1 1 4
4 1 1 4 4 1 1 4
4 1 1 4 4 1 1 4
4 1 1 4 4 4*1 4*8 4*1
4*8 4*1 4*8 4*1 4*8 1 1 4
4 8 8 c c 1 1 4
4 8 8 c c 1 1 4
4 8 8 c c 1 1 4
4 8 8 c c 8*1 8*10 8*1
8*10 1 1 4 4 1 1 4
4 10 10 14 14 10 10 14
14 1 1 4 4 1 1 4
4 10 10 14 14 10 10 14
14 4*1 4*8 4*10 4*18 4*1 4*8 4*10
4*18 1 1 4 4 8 8 c
c 10 10 14 14 18 18 1c
1c 1 1 4 4 8 8 c
c 10 10 14 14 18 18 1c
1c 16*1 16*20 1 1 4 4 1
1 4 4 1 1 4 4 1
1 4 4 20 20 24 24 20
20 24 24 20 20 24 24 20
20 24 24 4*1 4*8 4*1 4*8 4*20
4*28 4*20 4*28 1 1 4 4 8
8 c c 1 1 4 4 8
8 c c 20 20 24 24 28
28 2c 2c 20 20 24 24 28
28 2c 2c 8*1 8*10 8*20 8*30 1
1 4 4 1 1 4 4 10
10 14 14 10 10 14 14 20
20 24 24 20 20 24 24 30
30 34 34 30 30 34 34 4*1
4*8 4*10 4*18 4*20 4*28 4*30 4*38 1
1 4 4 8 8 c c 10
10 14 14 18 18 1c 1c 20
20 24 24 28 28 2c 2c 30
30 34 34 38 38 3c 3c 1
1 4 4 8 8 c c 10
10 14 14 18 18 1c 1c 20
20 24 24 28 28 2c 2c 30
30 34 34 38 38 3c 3c 4*4
4*c 4*14 4*1c 4*24 4*2c 4*34 4*3c 8
8 c c 8 8 c c 18
18 1c 1c 18 18 1c 1c 28
28 2c 2c 28 28 2c 2c 38
38 3c 3c 38 38 3c 3c 8*c
8*1c 8*2c 8*3c 10 10 14 14 18
18 1c 1c 10 10 14 14 18
18 1c 1c 30 30 34 34 38
38 3c 3c 30 30 34 34 38
38 3c 3c 4*14 4*1c 4*14 4*1c 4*34
4*3c 4*34 4*3c 18 18 1c 1c 18
18 1c 1c 18 18 1c 1c 18
18 1c 1c 38 38 3c 3c 38
38 3c 3c 38 38 3c 3c 38
38 3c 3c 16*1c 16*3c 20 20 24
24 28 28 2c 2c 30 30 34
34 38 38 3c 3c 20 20 24
24 28 28 2c 2c 30 30 34
34 38 38 3c 3c 4*24 4*2c 4*34
4*3c 4*24 4*2c 4*34 4*3c 28 28 2c
2c 28 28 2c 2c 38 38 3c
3c 38 38 3c 3c 28 28 2c
2c 28 28 2c 2c 38 38 3c
3c 38 38 3c 3c 8*2c 8*3c 8*2c
8*3c 30 30 34 34 38 38 3c
3c 30 30 34 34 38 38 3c
3c 30 30 34 34 38 38 3c
3c 30 30 34 34 38 38 3c
3c 4*34 4*3c 4*34 4*3c 4*34 4*3c 4*34
4*3c 38 38 3c 3c 38 38 3c
3c 38 38 3c 3c 38 38 3c
3c 38 38 3c 3c 38 38 3c
3c 38 38 3c 3c 38 38 34*3c
1 1 4 4 8 8 c c
10 10 14 14 18 18 1c 1c
20 20 24 24 28 28 2c 2c
30 30 34 34 38 38 3c 3c
4*4 4*c 4*14 4*1c 4*24 4*2c 4*34 4*3c
8 8 c c 8 8 c c
18 18 1c 1c 18 18 1c 1c
28 28 2c 2c 28 28 2c 2c
38 38 3c 3c 38 38 3c 3c
8*c 8*1c 8*2c 8*3c 10 10 14 14
18 18 1c 1c 10 10 14 14
18 18 1c 1c 30 30 34 34
38 38 3c 3c 30 30 34 34
38 38 3c 3c 4*14 4*1c 4*14 4*1c
4*34 4*3c 4*34 4*3c 18 18 1c 1c
18 18 1c 1c 18 18 1c 1c
18 18 1c 1c 38 38 3c 3c
38 38 3c 3c 38 38 3c 3c
38 38 3c 3c 16*1c 16*3c 20 20
24 24 28 28 2c 2c 30 30
34 34 38 38 3c 3c 20 20
24 24 28 28 2c 2c 30 30
34 34 38 38 3c 3c 4*24 4*2c
4*34 4*3c 4*24 4*2c 4*34 4*3c 28 28
2c 2c 28 28 2c 2c 38 38
3c 3c 38 38 3c 3c 28 28
2c 2c 28 28 2c 2c 38 38
3c 3c 38 38 3c 3c 8*2c 8*3c
8*2c 8*3c 30 30 34 34 38 38
3c 3c 30 30 34 34 38 38
3c 3c 30 30 34 34 38 38
3c 3c 30 30 34 34 38 38
3c 3c 4*34 4*3c 4*34 4*3c 4*34 4*3c
4*34 4*3c 38 38 3c 3c 38 38
3c 3c 38 38 3c 3c 38 38
3c 3c 38 38 3c 3c 38 38
3c 3c 38 38 3c 3c 38 38
34*3c 1 1 4 4 8 8 c
c 10 10 14 14 18 18 1c
1c 20 20 24 24 28 28 2c
2c 30 30 34 34 38 38 3c
3c 4 4 1 1 c c 8
8 14 14 10 10 1c 1c 18
18 24 24 20 20 2c 2c 28
28 34 34 30 30 3c 3c 38
38 8 8 c c 1 1 4
4 18 18 1c 1c 10 10 14
14 28 28 2c 2c 20 20 24
24 38 38 3c 3c 30 30 34
34 c c 8 8 4 4 1
1 1c 1c 18 18 14 14 10
10 2c 2c 28 28 24 24 20
20 3c 3c 38 38 34 34 30
30 10 10 14 14 18 18 1c
1c 1 1 4 4 8 8 c
c 30 30 34 34 38 38 3c
3c 20 20 24 24 28 28 2c
2c 14 14 10 10 1c 1c 18
18 4 4 1 1 c c 8
8 34 34 30 30 3c 3c 38
38 24 24 20 20 2c 2c 28
28 18 18 1c 1c 10 10 14
14 8 8 c c 1 1 4
4 38 38 3c 3c 30 30 34
34 28 28 2c 2c 20 20 24
24 1c 1c 18 18 14 14 10
10 c c 8 8 4 4 1
1 3c 3c 38 38 34 34 30
30 2c 2c 28 28 24 24 4*20
24 24 28 28 2c 2c 30 30
34 34 38 38 3c 3c 1 1
4 4 8 8 c c 10 10
14 14 18 18 1c 1c 24 24
20 20 2c 2c 28 28 34 34
30 30 3c 3c 38 38 4 4
1 1 c c 8 8 14 14
10 10 1c 1c 18 18 28 28
2c 2c 20 20 24 24 38 38
3c 3c 30 30 34 34 8 8
c c 1 1 4 4 18 18
1c 1c 10 10 14 14 2c 2c
28 28 24 24 20 20 3c 3c
38 38 34 34 30 30 c c
8 8 4 4 1 1 1c 1c
18 18 14 14 10 10 30 30
34 34 38 38 3c 3c 20 20
24 24 28 28 2c 2c 10 10
14 14 18 18 1c 1c 1 1
4 4 8 8 c c 34 34
30 30 3c 3c 38 38 24 24
20 20 2c 2c 28 28 14 14
10 10 1c 1c 18 18 4 4
1 1 c c 8 8 38 38
3c 3c 30 30 34 34 28 28
2c 2c 20 20 24 24 18 18
1c 1c 10 10 14 14 8 8
c c 1 1 4 4 3c 3c
38 38 34 34 30 30 2c 2c
28 28 24 24 20 20 1c 1c
18 18 14 14 10 10 c c
8 8 4 4 4*1 4 4 8
8 c c 10 10 14 14 18
18 1c 1c 20 20 24 24 28
28 2c 2c 30 30 34 34 38
38 3c 3c 4 4 1 1 c
c 8 8 14 14 10 10 1c
1c 18 18 24 24 20 20 2c
2c 28 28 34 34 30 30 3c
3c 38 38 8 8 c c 1
1 4 4 18 18 1c 1c 10
10 14 14 28 28 2c 2c 20
20 24 24 38 38 3c 3c 30
30 34 34 c c 8 8 4
4 1 1 1c 1c 18 18 14
14 10 10 2c 2c 28 28 24
24 20 20 3c 3c 38 38 34
34 30 30 10 10 14 14 18
18 1c 1c 1 1 4 4 8
8 c c 30 30 34 34 38
38 3c 3c 20 20 24 24 28
28 2c 2c 14 14 10 10 1c
1c 18 18 4 4 1 1 c
c 8 8 34 34 30 30 3c
3c 38 38 24 24 20 20 2c
2c 28 28 18 18 1c 1c 10
10 14 14 8 8 c c 1
1 4 4 38 38 3c 3c 30
30 34 34 28 28 2c 2c 20
20 24 24 1c 1c 18 18 14
14 10 10 c c 8 8 4
4 1 1 3c 3c 38 38 34
34 30 30 2c 2c 28 28 24
24 4*20 24 24 28 28 2c 2c
30 30 34 34 38 38 3c 3c
1 1 4 4 8 8 c c
10 10 14 14 18 18 1c 1c
24 24 20 20 2c 2c 28 28
34 34 30 30 3c 3c 38 38
4 4 1 1 c c 8 8
14 14 10 10 1c 1c 18 18
28 28 2c 2c 20 20 24 24
38 38 3c 3c 30 30 34 34
8 8 c c 1 1 4 4
18 18 1c 1c 10 10 14 14
2c 2c 28 28 24 24 20 20
3c 3c 38 38 34 34 30 30
c c 8 8 4 4 1 1
1c 1c 18 18 14 14 10 10
30 30 34 34 38 38 3c 3c
20 20 24 24 28 28 2c 2c
10 10 14 14 18 18 1c 1c
1 1 4 4 8 8 c c
34 34 30 30 3c 3c 38 38
24 24 20 20 2c 2c 28 28
14 14 10 10 1c 1c 18 18
4 4 1 1 c c 8 8
38 38 3c 3c 30 30 34 34
28 28 2c 2c 20 20 24 24
18 18 1c 1c 10 10 14 14
8 8 c c 1 1 4 4
3c 3c 38 38 34 34 30 30
2c 2c 28 28 24 24 20 20
1c 1c 18 18 14 14 10 10
c c 8 8 4 4 1 1
3c 3c 38 38 34 34 30 30
2c 2c 28 28 24 24 20 20
1c 1c 18 18 14 14 10 10
c c 8 8 4 4 1 1
3c 3c 38 38 34 34 30 30
2c 2c 28 28 24 24 20 20
1c 1c 18 18 14 14 10 10
c c 8 8 4 4 1 1
3c 3c 38 38 34 34 30 30
2c 2c 28 28 24 24 20 20
1c 1c 18 18 14 14 10 10
c c 8 8 4 4 1 1
3c 3c 38 38 34 34 30 30
2c 2c 28 28 24 24 20 20
1c 1c 18 18 14 14 10 10
c c 8 8 4 4 1 1
3c 3c 38 38 34 34 30 30
2c 2c 28 28 24 24 20 20
1c 1c 18 18 14 14 10 10
c c 8 8 4 4 1 1
3c 3c 38 38 34 34 30 30
2c 2c 28 28 24 24 20 20
1c 1c 18 18 14 14 10 10
c c 8 8 4 4 1 1
3c 3c 38 38 34 34 30 30
2c 2c 28 28 24 24 20 20
1c 1c 18 18 14 14 10 10
c c 8 8 4 4 1 1
3c 3c 38 38 34 34 30 30
2c 2c 28 28 24 24 20 20
1c 1c 18 18 14 14 10 10
c c 8 8 4 4 1 1
3c 3c 38 38 34 34 30 30
2c 2c 28 28 24 24 20 20
1c 1c 18 18 14 14 10 10
c c 8 8 4 4 1 1
3c 3c 38 38 34 34 30 30
2c 2c 28 28 24 24 20 20
1c 1c 18 18 14 14 10 10
c c 8 8 4 4 1 1
3c 3c 38 38 34 34 30 30
2c 2c 28 28 24 24 20 20
1c 1c 18 18 14 14 10 10
c c 8 8 4 4 1 1
3c 3c 38 38 34 34 30 30
2c 2c 28 28 24 24 20 20
1c 1c 18 18 14 14 10 10
c c 8 8 4 4 1 1
3c 3c 38 38 34 34 30 30
2c 2c 28 28 24 24 20 20
1c 1c 18 18 14 14 10 10
c c 8 8 4 4 1 1
3c 3c 38 38 34 34 30 30
2c 2c 28 28 24 24 20 20
1c 1c 18 18 14 14 10 10
c c 8 8 4 4 1 1
3c 3c 38 38 34 34 30 30
2c 2c 28 28 24 24 20 20
1c 1c 18 18 14 14 10 10
c c 8 8 4 4 1 1
3c 3c 38 38 34 34 30 30
2c 2c 28 28 24 24 20 20
1c 1c 18 18 14 14 10 10
c c 8 8 4 4 1 1
3c 3c 38 38 34 34 30 30
2c 2c 28 28 24 24 20 20
1c 1c 18 18 14 14 10 10
c c 8 8 4 4 1 1
3c 3c 38 38 34 34 30 30
2c 2c 28 28 24 24 20 20
1c 1c 18 18 14 14 10 10
c c 8 8 4 4 1 1
3c 3c 38 38 34 34 30 30
2c 2c 28 28 24 24 20 20
1c 1c 18 18 14 14 10 10
c c 8 8 4 4 1 1
3c 3c 38 38 34 34 30 30
2c 2c 28 28 24 24 20 20
1c 1c 18 18 14 14 10 10
c c 8 8 4 4 1 1
3c 3c 38 38 34 34 30 30
2c 2c 28 28 24 24 20 20
1c 1c 18 18 14 14 10 10
c c 8 8 4 4 1 1
3c 3c 38 38 34 34 30 30
2c 2c 28 28 24 24 20 20
1c 1c 18 18 14 14 10 10
c c 8 8 4 4 1 1
3c 3c 38 38 34 34 30 30
2c 2c 28 28 24 24 20 20
1c 1c 18 18 14 14 10 10
c c 8 8 4 4 1 1
3c 3c 38 38 34 34 30 30
2c 2c 28 28 24 24 20 20
1c 1c 18 18 14 14 10 10
c c 8 8 4 4 1 1
3c 3c 38 38 34 34 30 30
2c 2c 28 28 24 24 20 20
1c 1c 18 18 14 14 10 10
c c 8 8 4 4 1 1
3c 3c 38 38 34 34 30 30
2c 2c 28 28 24 24 20 20
1c 1c 18 18 14 14 10 10
c c 8 8 4 4 1 1
3c 3c 38 38 34 34 30 30
2c 2c 28 28 24 24 20 20
1c 1c 18 18 14 14 10 10
c c 8 8 4 4 1 1
3c 3c 38 38 34 34 30 30
2c 2c 28 28 24 24 20 20
1c 1c 18 18 14 14 10 10
c c 8 8 4 4 1 1
3c 3c 38 38 34 34 30 30
2c 2c 28 28 24 24 20 20
1c 1c 18 18 14 14 10 10
c c 8 8 4 4 1 1
3c 3c 38 38 34 34 30 30
2c 2c 28 28 24 24 20 20
1c 1c 18 18 14 14 10 10
c c 8 8 4 4 1 1
3c 3c 38 38 34 34 30 30
2c 2c 28 28 24 24 20 20
1c 1c 18 18 14 14 10 10
c c 8 8 4 4 1 1
3c 3c 38 38 34 34 30 30
2c 2c 28 28 24 24 20 20
1c 1c 18 18 14 14 10 10
c c 8 8 4 4 4099*1 4
4 8 8 c c 10 10 14
14 18 18 1c 1c 20 20 24
24 28 28 2c 2c 30 30 34
34 38 38 3c 3c 41 4 8
8 c c 10 10 14 14 18
18 1c 1c 20 20 24 24 28
28 2c 2c 30 30 34 34 38
38 3c 3c 41 41 44 8 c
c 10 10 14 14 18 18 1c
1c 20 20 24 24 28 28 2c
2c 30 30 34 34 38 38 3c
3c 41 41 44 44 48 c 10
10 14 14 18 18 1c 1c 20
20 24 24 28 28 2c 2c 30
30 34 34 38 38 3c 3c 41
41 44 44 48 48 4c 10 14
14 18 18 1c 1c 20 20 24
24 28 28 2c 2c 30 30 34
34 38 38 3c 3c 41 41 44
44 48 48 4c 4c 50 14 18
18 1c 1c 20 20 24 24 28
28 2c 2c 30 30 34 34 38
38 3c 3c 41 41 44 44 48
48 4c 4c 50 50 54 18 1c
1c 20 20 24 24 28 28 2c
2c 30 30 34 34 38 38 3c
3c 41 41 44 44 48 48 4c
4c 50 50 54 54 58 1c 20
20 24 24 28 28 2c 2c 30
30 34 34 38 38 3c 3c 41
41 44 44 48 48 4c 4c 50
50 54 54 58 58 5c 20 24
24 28 28 2c 2c 30 30 34
34 38 38 3c 3c 41 41 44
44 48 48 4c 4c 50 50 54
54 58 58 5c 5c 60 24 28
28 2c 2c 30 30 34 34 38
38 3c 3c 41 41 44 44 48
48 4c 4c 50 50 54 54 58
58 5c 5c 60 60 64 28 2c
2c 30 30 34 34 38 38 3c
3c 41 41 44 44 48 48 4c
4c 50 50 54 54 58 58 5c
5c 60 60 64 64 68 2c 30
30 34 34 38 38 3c 3c 41
41 44 44 48 48 4c 4c 50
50 54 54 58 58 5c 5c 60
60 64 64 68 68 6c 30 34
34 38 38 3c 3c 41 41 44
44 48 48 4c 4c 50 50 54
54 58 58 5c 5c 60 60 64
64 68 68 6c 6c 70 34 38
38 3c 3c 41 41 44 44 48
48 4c 4c 50 50 54 54 58
58 5c 5c 60 60 64 64 68
68 6c 6c 70 70 74 38 3c
3c 41 41 44 44 48 48 4c
4c 50 50 54 54 58 58 5c
5c 60 60 64 64 68 68 6c
6c 70 70 74 74 78 3c 41
41 44 44 48 48 4c 4c 50
50 54 54 58 58 5c 5c 60
60 64 64 68 68 6c 6c 70
70 74 74 78 78 7c 1 4
4 8 8 c c 10 10 14
14 18 18 1c 1c 20 20 24
24 28 28 2c 2c 30 30 34
34 38 38 3c 3c 41 4 8
8 c c 10 10 14 14 18
18 1c 1c 20 20 24 24 28
28 2c 2c 30 30 34 34 38
38 3c 3c 41 41 44 8 c
c 10 10 14 14 18 18 1c
1c 20 20 24 24 28 28 2c
2c 30 30 34 34 38 38 3c
3c 41 41 44 44 48 c 10
10 14 14 18 18 1c 1c 20
20 24 24 28 28 2c 2c 30
30 34 34 38 38 3c 3c 41
41 44 44 48 48 4c 10 14
14 18 18 1c 1c 20 20 24
24 28 28 2c 2c 30 30 34
34 38 38 3c 3c 41 41 44
44 48 48 4c 4c 50 14 18
18 1c 1c 20 20 24 24 28
28 2c 2c 30 30 34 34 38
38 3c 3c 41 41 44 44 48
48 4c 4c 50 50 54 18 1c
1c 20 20 24 24 28 28 2c
2c 30 30 34 34 38 38 3c
3c 41 41 44 44 48 48 4c
4c 50 50 54 54 58 1c 20
20 24 24 28 28 2c 2c 30
30 34 34 38 38 3c 3c 41
41 44 44 48 48 4c 4c 50
50 54 54 58 58 5c 20 24
24 28 28 2c 2c 30 30 34
34 38 38 3c 3c 41 41 44
44 48 48 4c 4c 50 50 54
54 58 58 5c 5c 60 24 28
28 2c 2c 30 30 34 34 38
38 3c 3c 41 41 44 44 48
48 4c 4c 50 50 54 54 58
58 5c 5c 60 60 64 28 2c
2c 30 30 34 34 38 38 3c
3c 41 41 44 44 48 48 4c
4c 50 50 54 54 58 58 5c
5c 60 60 64 64 68 2c 30
30 34 34 38 38 3c 3c 41
41 44 44 48 48 4c 4c 50
50 54 54 58 58 5c 5c 60
60 64 64 68 68 6c 30 34
34 38 38 3c 3c 41 41 44
44 48 48 4c 4c 50 50 54
54 58 58 5c 5c 60 60 64
64 68 68 6c 6c 70 34 38
38 3c 3c 41 41 44 44 48
48 4c 4c 50 50 54 54 58
58 5c 5c 60 60 64 64 68
68 6c 6c 70 70 74 38 3c
3c 41 41 44 44 48 48 4c
4c 50 50 54 54 58 58 5c
5c 60 60 64 64 68 68 6c
6c 70 70 74 74 78 3c 41
41 44 44 48 48 4c 4c 50
50 54 54 58 58 5c 5c 60
60 64 64 68 68 6c 6c 70
70 74 74 78 78 7c 1 7c
4 1 8 4 c 8 10 c
14 10 18 14 1c 18 20 1c
24 20 28 24 2c 28 30 2c
34 30 38 34 3c 38 7c 78
1 7c 4 1 8 4 c 8
10 c 14 10 18 14 1c 18
20 1c 24 20 28 24 2c 28
30 2c 34 30 38 34 78 74
7c 78 1 7c 4 1 8 4
c 8 10 c 14 10 18 14
1c 18 20 1c 24 20 28 24
2c 28 30 2c 34 30 74 70
78 74 7c 78 1 7c 4 1
8 4 c 8 10 c 14 10
18 14 1c 18 20 1c 24 20
28 24 2c 28 30 2c 70 6c
74 70 78 74 7c 78 1 7c
4 1 8 4 c 8 10 c
14 10 18 14 1c 18 20 1c
24 20 28 24 2c 28 6c 68
70 6c 74 70 78 74 7c 78
1 7c 4 1 8 4 c 8
10 c 14 10 18 14 1c 18
20 1c 24 20 28 24 68 64
6c 68 70 6c 74 70 78 74
7c 78 1 7c 4 1 8 4
c 8 10 c 14 10 18 14
1c 18 20 1c 24 20 64 60
68 64 6c 68 70 6c 74 70
78 74 7c 78 1 7c 4 1
8 4 c 8 10 c 14 10
18 14 1c 18 20 1c 60 5c
64 60 68 64 6c 68 70 6c
74 70 78 74 7c 78 1 7c
4 1 8 4 c 8 10 c
14 10 18 14 1c 18 5c 58
60 5c 64 60 68 64 6c 68
70 6c 74 70 78 74 7c 78
1 7c 4 1 8 4 c 8
10 c 14 10 18 14 58 54
5c 58 60 5c 64 60 68 64
6c 68 70 6c 74 70 78 74
7c 78 1 7c 4 1 8 4
c 8 10 c 14 10 54 50
58 54 5c 58 60 5c 64 60
68 64 6c 68 70 6c 74 70
78 74 7c 78 1 7c 4 1
8 4 c 8 10 c 50 4c
54 50 58 54 5c 58 60 5c
64 60 68 64 6c 68 70 6c
74 70 78 74 7c 78 1 7c
4 1 8 4 c 8 4c 48
50 4c 54 50 58 54 5c 58
60 5c 64 60 68 64 6c 68
70 6c 74 70 78 74 7c 78
1 7c 4 1 8 4 48 44
4c 48 50 4c 54 50 58 54
5c 58 60 5c 64 60 68 64
6c 68 70 6c 74 70 78 74
7c 78 1 7c 4 1 44 41
48 44 4c 48 50 4c 54 50
58 54 5c 58 60 5c 64 60
68 64 6c 68 70 6c 74 70
78 74 7c 78 1 7c 1 7c
4 1 8 4 c 8 10 c
14 10 18 14 1c 18 20 1c
24 20 28 24 2c 28 30 2c
34 30 38 34 3c 38 7c 78
1 7c 4 1 8 4 c 8
10 c 14 10 18 14 1c 18
20 1c 24 20 28 24 2c 28
30 2c 34 30 38 34 78 74
7c 78 1 7c 4 1 8 4
c 8 10 c 14 10 18 14
1c 18 20 1c 24 20 28 24
2c 28 30 2c 34 30 74 70
78 74 7c 78 1 7c 4 1
8 4 c 8 10 c 14 10
18 14 1c 18 20 1c 24 20
28 24 2c 28 30 2c 70 6c
74 70 78 74 7c 78 1 7c
4 1 8 4 c 8 10 c
14 10 18 14 1c 18 20 1c
24 20 28 24 2c 28 6c 68
70 6c 74 70 78 74 7c 78
1 7c 4 1 8 4 c 8
10 c 14 10 18 14 1c 18
20 1c 24 20 28 24 68 64
6c 68 70 6c 74 70 78 74
7c 78 1 7c 4 1 8 4
c 8 10 c 14 10 18 14
1c 18 20 1c 24 20 64 60
68 64 6c 68 70 6c 74 70
78 74 7c 78 1 7c 4 1
8 4 c 8 10 c 14 10
18 14 1c 18 20 1c 60 5c
64 60 68 64 6c 68 70 6c
74 70 78 74 7c 78 1 7c
4 1 8 4 c 8 10 c
14 10 18 14 1c 18 5c 58
60 5c 64 60 68 64 6c 68
70 6c 74 70 78 74 7c 78
1 7c 4 1 8 4 c 8
10 c 14 10 18 14 58 54
5c 58 60 5c 64 60 68 64
6c 68 70 6c 74 70 78 74
7c 78 1 7c 4 1 8 4
c 8 10 c 14 10 54 50
58 54 5c 58 60 5c 64 60
68 64 6c 68 70 6c 74 70
78 74 7c 78 1 7c 4 1
8 4 c 8 10 c 50 4c
54 50 58 54 5c 58 60 5c
64 60 68 64 6c 68 70 6c
74 70 78 74 7c 78 1 7c
4 1 8 4 c 8 4c 48
50 4c 54 50 58 54 5c 58
60 5c 64 60 68 64 6c 68
70 6c 74 70 78 74 7c 78
1 7c 4 1 8 4 48 44
4c 48 50 4c 54 50 58 54
5c 58 60 5c 64 60 68 64
6c 68 70 6c 74 70 78 74
7c 78 1 7c 4 1 44 41
48 44 4c 48 50 4c 54 50
58 54 5c 58 60 5c 64 60
68 64 6c 68 70 6c 74 70
78 74 7c 78 1 7c 1 4
4 8 8 c c 10 10 14
14 18 18 1c 1c 20 20 24
24 28 28 2c 2c 30 30 34
34 38 38 3c 3c 41 1 4
4 8 8 c c 10 10 14
14 18 18 1c 1c 20 20 24
24 28 28 2c 2c 30 30 34
34 38 38 3c 3c 41 1 4
4 8 8 c c 10 10 14
14 18 18 1c 1c 20 20 24
24 28 28 2c 2c 30 30 34
34 38 38 3c 3c 41 1 4
4 8 8 c c 10 10 14
14 18 18 1c 1c 20 20 24
24 28 28 2c 2c 30 30 34
34 38 38 3c 3c 41 1 4
4 8 8 c c 10 10 14
14 18 18 1c 1c 20 20 24
24 28 28 2c 2c 30 30 34
34 38 38 3c 3c 41 1 4
4 8 8 c c 10 10 14
14 18 18 1c 1c 20 20 24
24 28 28 2c 2c 30 30 34
34 38 38 3c 3c 41 1 4
4 8 8 c c 10 10 14
14 18 18 1c 1c 20 20 24
24 28 28 2c 2c 30 30 34
34 38 38 3c 3c 41 1 4
4 8 8 c c 10 10 14
14 18 18 1c 1c 20 20 24
24 28 28 2c 2c 30 30 34
34 38 38 3c 3c 41 1 4
4 8 8 c c 10 10 14
14 18 18 1c 1c 20 20 24
24 28 28 2c 2c 30 30 34
34 38 38 3c 3c 41 1 4
4 8 8 c c 10 10 14
14 18 18 1c 1c 20 20 24
24 28 28 2c 2c 30 30 34
34 38 38 3c 3c 41 1 4
4 8 8 c c 10 10 14
14 18 18 1c 1c 20 20 24
24 28 28 2c 2c 30 30 34
34 38 38 3c 3c 41 1 4
4 8 8 c c 10 10 14
14 18 18 1c 1c 20 20 24
24 28 28 2c 2c 30 30 34
34 38 38 3c 3c 41 1 4
4 8 8 c c 10 10 14
14 18 18 1c 1c 20 20 24
24 28 28 2c 2c 30 30 34
34 38 38 3c 3c 41 1 4
4 8 8 c c 10 10 14
14 18 18 1c 1c 20 20 24
24 28 28 2c 2c 30 30 34
34 38 38 3c 3c 41 1 4
4 8 8 c c 10 10 14
14 18 18 1c 1c 20 20 24
24 28 28 2c 2c 30 30 34
34 38 38 3c 3c 41 1 4
4 8 8 c c 10 10 14
14 18 18 1c 1c 20 20 24
24 28 28 2c 2c 30 30 34
34 38 38 3c 3c 41 1 4
4 8 8 c c 10 10 14
14 18 18 1c 1c 20 20 24
24 28 28 2c 2c 30 30 34
34 38 38 3c 3c 41 1 4
4 8 8 c c 10 10 14
14 18 18 1c 1c 20 20 24
24 28 28 2c 2c 30 30 34
34 38 38 3c 3c 41 1 4
4 8 8 c c 10 10 14
14 18 18 1c 1c 20 20 24
24 28 28 2c 2c 30 30 34
34 38 38 3c 3c 41 1 4
4 8 8 c c 10 10 14
14 18 18 1c 1c 20 20 24
24 28 28 2c 2c 30 30 34
34 38 38 3c 3c 41 1 4
4 8 8 c c 10 10 14
14 18 18 1c 1c 20 20 24
24 28 28 2c 2c 30 30 34
34 38 38 3c 3c 41 1 4
4 8 8 c c 10 10 14
14 18 18 1c 1c 20 20 24
24 28 28 2c 2c 30 30 34
34 38 38 3c 3c 41 1 4
4 8 8 c c 10 10 14
14 18 18 1c 1c 20 20 24
24 28 28 2c 2c 30 30 34
34 38 38 3c 3c 41 1 4
4 8 8 c c 10 10 14
14 18 18 1c 1c 20 20 24
24 28 28 2c 2c 30 30 34
34 38 38 3c 3c 41 1 4
4 8 8 c c 10 10 14
14 18 18 1c 1c 20 20 24
24 28 28 2c 2c 30 30 34
34 38 38 3c 3c 41 1 4
4 8 8 c c 10 10 14
14 18 18 1c 1c 20 20 24
24 28 28 2c 2c 30 30 34
34 38 38 3c 3c 41 1 4
4 8 8 c c 10 10 14
14 18 18 1c 1c 20 20 24
24 28 28 2c 2c 30 30 34
34 38 38 3c 3c 41 1 4
4 8 8 c c 10 10 14
14 18 18 1c 1c 20 20 24
24 28 28 2c 2c 30 30 34
34 38 38 3c 3c 41 1 4
4 8 8 c c 10 10 14
14 18 18 1c 1c 20 20 24
24 28 28 2c 2c 30 30 34
34 38 38 3c 3c 41 1 4
4 8 8 c c 10 10 14
14 18 18 1c 1c 20 20 24
24 28 28 2c 2c 30 30 34
34 38 38 3c 3c 41 1 4
4 8 8 c c 10 10 14
14 18 18 1c 1c 20 20 24
24 28 28 2c 2c 30 30 34
34 38 38 3c 3c 41 1 4
4 8 8 c c 10 10 14
14 18 18 1c 1c 20 20 24
24 28 28 2c 2c 30 30 34
34 38 38 3c 3c 41 1 7c
4 1 8 4 c 8 10 c
14 10 18 14 1c 18 20 1c
24 20 28 24 2c 28 30 2c
34 30 38 34 3c 38 1 7c
4 1 8 4 c 8 10 c
14 10 18 14 1c 18 20 1c
24 20 28 24 2c 28 30 2c
34 30 38 34 3c 38 1 7c
4 1 8 4 c 8 10 c
14 10 18 14 1c 18 20 1c
24 20 28 24 2c 28 30 2c
34 30 38 34 3c 38 1 7c
4 1 8 4 c 8 10 c
14 10 18 14 1c 18 20 1c
24 20 28 24 2c 28 30 2c
34 30 38 34 3c 38 1 7c
4 1 8 4 c 8 10 c
14 10 18 14 1c 18 20 1c
24 20 28 24 2c 28 30 2c
34 30 38 34 3c 38 1 7c
4 1 8 4 c 8 10 c
14 10 18 14 1c 18 20 1c
24 20 28 24 2c 28 30 2c
34 30 38 34 3c 38 1 7c
4 1 8 4 c 8 10 c
14 10 18 14 1c 18 20 1c
24 20 28 24 2c 28 30 2c
34 30 38 34 3c 38 1 7c
4 1 8 4 c 8 10 c
14 10 18 14 1c 18 20 1c
24 20 28 24 2c 28 30 2c
34 30 38 34 3c 38 1 7c
4 1 8 4 c 8 10 c
14 10 18 14 1c 18 20 1c
24 20 28 24 2c 28 30 2c
34 30 38 34 3c 38 1 7c
4 1 8 4 c 8 10 c
14 10 18 14 1c 18 20 1c
24 20 28 24 2c 28 30 2c
34 30 38 34 3c 38 1 7c
4 1 8 4 c 8 10 c
14 10 18 14 1c 18 20 1c
24 20 28 24 2c 28 30 2c
34 30 38 34 3c 38 1 7c
4 1 8 4 c 8 10 c
14 10 18 14 1c 18 20 1c
24 20 28 24 2c 28 30 2c
34 30 38 34 3c 38 1 7c
4 1 8 4 c 8 10 c
14 10 18 14 1c 18 20 1c
24 20 28 24 2c 28 30 2c
34 30 38 34 3c 38 1 7c
4 1 8 4 c 8 10 c
14 10 18 14 1c 18 20 1c
24 20 28 24 2c 28 30 2c
34 30 38 34 3c 38 1 7c
4 1 8 4 c 8 10 c
14 10 18 14 1c 18 20 1c
24 20 28 24 2c 28 30 2c
34 30 38 34 3c 38 1 7c
4 1 8 4 c 8 10 c
14 10 18 14 1c 18 20 1c
24 20 28 24 2c 28 30 2c
34 30 38 34 3c 38 1 7c
4 1 8 4 c 8 10 c
14 10 18 14 1c 18 20 1c
24 20 28 24 2c 28 30 2c
34 30 38 34 3c 38 1 7c
4 1 8 4 c 8 10 c
14 10 18 14 1c 18 20 1c
24 20 28 24 2c 28 30 2c
34 30 38 34 3c 38 1 7c
4 1 8 4 c 8 10 c
14 10 18 14 1c 18 20 1c
24 20 28 24 2c 28 30 2c
34 30 38 34 3c 38 1 7c
4 1 8 4 c 8 10 c
14 10 18 14 1c 18 20 1c
24 20 28 24 2c 28 30 2c
34 30 38 34 3c 38 1 7c
4 1 8 4 c 8 10 c
14 10 18 14 1c 18 20 1c
24 20 28 24 2c 28 30 2c
34 30 38 34 3c 38 1 7c
4 1 8 4 c 8 10 c
14 10 18 14 1c 18 20 1c
24 20 28 24 2c 28 30 2c
34 30 38 34 3c 38 1 7c
4 1 8 4 c 8 10 c
14 10 18 14 1c 18 20 1c
24 20 28 24 2c 28 30 2c
34 30 38 34 3c 38 1 7c
4 1 8 4 c 8 10 c
14 10 18 14 1c 18 20 1c
24 20 28 24 2c 28 30 2c
34 30 38 34 3c 38 1 7c
4 1 8 4 c 8 10 c
14 10 18 14 1c 18 20 1c
24 20 28 24 2c 28 30 2c
34 30 38 34 3c 38 1 7c
4 1 8 4 c 8 10 c
14 10 18 14 1c 18 20 1c
24 20 28 24 2c 28 30 2c
34 30 38 34 3c 38 1 7c
4 1 8 4 c 8 10 c
14 10 18 14 1c 18 20 1c
24 20 28 24 2c 28 30 2c
34 30 38 34 3c 38 1 7c
4 1 8 4 c 8 10 c
14 10 18 14 1c 18 20 1c
24 20 28 24 2c 28 30 2c
34 30 38 34 3c 38 1 7c
4 1 8 4 c 8 10 c
14 10 18 14 1c 18 20 1c
24 20 28 24 2c 28 30 2c
34 30 38 34 3c 38 1 7c
4 1 8 4 c 8 10 c
14 10 18 14 1c 18 20 1c
24 20 28 24 2c 28 30 2c
34 30 38 34 3c 38 1 7c
4 1 8 4 c 8 10 c
14 10 18 14 1c 18 20 1c
24 20 28 24 2c 28 30 2c
34 30 38 34 3c 38 1 7c
4 1 8 4 c 8 10 c
14 10 18 14 1c 18 20 1c
24 20 28 24 2c 28 30 2c
34 30 38 34 3c 38 1 1
3 3 4 4 6 6 8 8
a a c c e e 10 10
12 12 14 14 16 16 18 18
1a 1a 1c 1c 1e 1e 1 1
3 3 4 4 6 6 8 8
a a c c e e 10 10
12 12 14 14 16 16 18 18
1a 1a 1c 1c 1e 1e 1 1
3 3 4 4 6 6 8 8
a a c c e e 10 10
12 12 14 14 16 16 18 18
1a 1a 1c 1c 1e 1e 1 1
3 3 4 4 6 6 8 8
a a c c e e 10 10
12 12 14 14 16 16 18 18
1a 1a 1c 1c 1e 1e 1 1
3 3 4 4 6 6 8 8
a a c c e e 10 10
12 12 14 14 16 16 18 18
1a 1a 1c 1c 1e 1e 1 1
3 3 4 4 6 6 8 8
a a c c e e 10 10
12 12 14 14 16 16 18 18
1a 1a 1c 1c 1e 1e 1 1
3 3 4 4 6 6 8 8
a a c c e e 10 10
12 12 14 14 16 16 18 18
1a 1a 1c 1c 1e 1e 1 1
3 3 4 4 6 6 8 8
a a c c e e 10 10
12 12 14 14 16 16 18 18
1a 1a 1c 1c 1e 1e 1 1
3 3 4 4 6 6 8 8
a a c c e e 10 10
12 12 14 14 16 16 18 18
1a 1a 1c 1c 1e 1e 1 1
3 3 4 4 6 6 8 8
a a c c e e 10 10
12 12 14 14 16 16 18 18
1a 1a 1c 1c 1e 1e 1 1
3 3 4 4 6 6 8 8
a a c c e e 10 10
12 12 14 14 16 16 18 18
1a 1a 1c 1c 1e 1e 1 1
3 3 4 4 6 6 8 8
a a c c e e 10 10
12 12 14 14 16 16 18 18
1a 1a 1c 1c 1e 1e 1 1
3 3 4 4 6 6 8 8
a a c c e e 10 10
12 12 14 14 16 16 18 18
1a 1a 1c 1c 1e 1e 1 1
3 3 4 4 6 6 8 8
a a c c e e 10 10
12 12 14 14 16 16 18 18
1a 1a 1c 1c 1e 1e 1 1
3 3 4 4 6 6 8 8
a a c c e e 10 10
12 12 14 14 16 16 18 18
1a 1a 1c 1c 1e 1e 1 1
3 3 4 4 6 6 8 8
a a c c e e 10 10
12 12 14 14 16 16 18 18
1a 1a 1c 1c 1e 1e 20 20
22 22 24 24 26 26 28 28
2a 2a 2c 2c 2e 2e 30 30
32 32 34 34 36 36 38 38
3a 3a 3c 3c 3e 3e 20 20
22 22 24 24 26 26 28 28
2a 2a 2c 2c 2e 2e 30 30
32 32 34 34 36 36 38 38
3a 3a 3c 3c 3e 3e 20 20
22 22 24 24 26 26 28 28
2a 2a 2c 2c 2e 2e 30 30
32 32 34 34 36 36 38 38
3a 3a 3c 3c 3e 3e 20 20
22 22 24 24 26 26 28 28
2a 2a 2c 2c 2e 2e 30 30
32 32 34 34 36 36 38 38
3a 3a 3c 3c 3e 3e 20 20
22 22 24 24 26 26 28 28
2a 2a 2c 2c 2e 2e 30 30
32 32 34 34 36 36 38 38
3a 3a 3c 3c 3e 3e 20 20
22 22 24 24 26 26 28 28
2a 2a 2c 2c 2e 2e 30 30
32 32 34 34 36 36 38 38
3a 3a 3c 3c 3e 3e 20 20
22 22 24 24 26 26 28 28
2a 2a 2c 2c 2e 2e 30 30
32 32 34 34 36 36 38 38
3a 3a 3c 3c 3e 3e 20 20
22 22 24 24 26 26 28 28
2a 2a 2c 2c 2e 2e 30 30
32 32 34 34 36 36 38 38
3a 3a 3c 3c 3e 3e 20 20
22 22 24 24 26 26 28 28
2a 2a 2c 2c 2e 2e 30 30
32 32 34 34 36 36 38 38
3a 3a 3c 3c 3e 3e 20 20
22 22 24 24 26 26 28 28
2a 2a 2c 2c 2e 2e 30 30
32 32 34 34 36 36 38 38
3a 3a 3c 3c 3e 3e 20 20
22 22 24 24 26 26 28 28
2a 2a 2c 2c 2e 2e 30 30
32 32 34 34 36 36 38 38
3a 3a 3c 3c 3e 3e 20 20
22 22 24 24 26 26 28 28
2a 2a 2c 2c 2e 2e 30 30
32 32 34 34 36 36 38 38
3a 3a 3c 3c 3e 3e 20 20
22 22 24 24 26 26 28 28
2a 2a 2c 2c 2e 2e 30 30
32 32 34 34 36 36 38 38
3a 3a 3c 3c 3e 3e 20 20
22 22 24 24 26 26 28 28
2a 2a 2c 2c 2e 2e 30 30
32 32 34 34 36 36 38 38
3a 3a 3c 3c 3e 3e 20 20
22 22 24 24 26 26 28 28
2a 2a 2c 2c 2e 2e 30 30
32 32 34 34 36 36 38 38
3a 3a 3c 3c 3e 3e 20 20
22 22 24 24 26 26 28 28
2a 2a 2c 2c 2e 2e 30 30
32 32 34 34 36 36 38 38
3a 3a 3c 3c 3e 3e 1 4
8 c 10 14 18 1c 20 24
28 2c 30 34 38 3c 41 44
48 4c 50 54 58 5c 60 64
68 6c 70 74 78 7c 1 4
8 c 10 14 18 1c 20 24
28 2c 30 34 38 3c 41 44
48 4c 50 54 58 5c 60 64
68 6c 70 74 78 7c 1 4
8 c 10 14 18 1c 20 24
28 2c 30 34 38 3c 41 44
48 4c 50 54 58 5c 60 64
68 6c 70 74 78 7c 1 4
8 c 10 14 18 1c 20 24
28 2c 30 34 38 3c 41 44
48 4c 50 54 58 5c 60 64
68 6c 70 74 78 7c 1 4
8 c 10 14 18 1c 20 24
28 2c 30 34 38 3c 41 44
48 4c 50 54 58 5c 60 64
68 6c 70 74 78 7c 1 4
8 c 10 14 18 1c 20 24
28 2c 30 34 38 3c 41 44
48 4c 50 54 58 5c 60 64
68 6c 70 74 78 7c 1 4
8 c 10 14 18 1c 20 24
28 2c 30 34 38 3c 41 44
48 4c 50 54 58 5c 60 64
68 6c 70 74 78 7c 1 4
8 c 10 14 18 1c 20 24
28 2c 30 34 38 3c 41 44
48 4c 50 54 58 5c 60 64
68 6c 70 74 78 7c 1 4
8 c 10 14 18 1c 20 24
28 2c 30 34 38 3c 41 44
48 4c 50 54 58 5c 60 64
68 6c 70 74 78 7c 1 4
8 c 10 14 18 1c 20 24
28 2c 30 34 38 3c 41 44
48 4c 50 54 58 5c 60 64
68 6c 70 74 78 7c 1 4
8 c 10 14 18 1c 20 24
28 2c 30 34 38 3c 41 44
48 4c 50 54 58 5c 60 64
68 6c 70 74 78 7c 1 4
8 c 10 14 18 1c 20 24
28 2c 30 34 38 3c 41 44
48 4c 50 54 58 5c 60 64
68 6c 70 74 78 7c 1 4
8 c 10 14 18 1c 20 24
28 2c 30 34 38 3c 41 44
48 4c 50 54 58 5c 60 64
68 6c 70 74 78 7c 1 4
8 c 10 14 18 1c 20 24
28 2c 30 34 38 3c 41 44
48 4c 50 54 58 5c 60 64
68 6c 70 74 78 7c 1 4
8 c 10 14 18 1c 20 24
28 2c 30 34 38 3c 41 44
48 4c 50 54 58 5c 60 64
68 6c 70 74 78 7c 1 4
8 c 10 14 18 1c 20 24
28 2c 30 34 38 3c 41 44
48 4c 50 54 58 5c 60 64
68 6c 70 74 78 7c 1 4
8 c 10 14 18 1c 20 24
28 2c 30 34 38 3c 41 44
48 4c 50 54 58 5c 60 64
68 6c 70 74 78 7c 1 4
8 c 10 14 18 1c 20 24
28 2c 30 34 38 3c 41 44
48 4c 50 54 58 5c 60 64
68 6c 70 74 78 7c 1 4
8 c 10 14 18 1c 20 24
28 2c 30 34 38 3c 41 44
48 4c 50 54 58 5c 60 64
68 6c 70 74 78 7c 1 4
8 c 10 14 18 1c 20 24
28 2c 30 34 38 3c 41 44
48 4c 50 54 58 5c 60 64
68 6c 70 74 78 7c 1 4
8 c 10 14 18 1c 20 24
28 2c 30 34 38 3c 41 44
48 4c 50 54 58 5c 60 64
68 6c 70 74 78 7c 1 4
8 c 10 14 18 1c 20 24
28 2c 30 34 38 3c 41 44
48 4c 50 54 58 5c 60 64
68 6c 70 74 78 7c 1 4
8 c 10 14 18 1c 20 24
28 2c 30 34 38 3c 41 44
48 4c 50 54 58 5c 60 64
68 6c 70 74 78 7c 1 4
8 c 10 14 18 1c 20 24
28 2c 30 34 38 3c 41 44
48 4c 50 54 58 5c 60 64
68 6c 70 74 78 7c 1 4
8 c 10 14 18 1c 20 24
28 2c 30 34 38 3c 41 44
48 4c 50 54 58 5c 60 64
68 6c 70 74 78 7c 1 4
8 c 10 14 18 1c 20 24
28 2c 30 34 38 3c 41 44
48 4c 50 54 58 5c 60 64
68 6c 70 74 78 7c 1 4
8 c 10 14 18 1c 20 24
28 2c 30 34 38 3c 41 44
48 4c 50 54 58 5c 60 64
68 6c 70 74 78 7c 1 4
8 c 10 14 18 1c 20 24
28 2c 30 34 38 3c 41 44
48 4c 50 54 58 5c 60 64
68 6c 70 74 78 7c 1 4
8 c 10 14 18 1c 20 24
28 2c 30 34 38 3c 41 44
48 4c 50 54 58 5c 60 64
68 6c 70 74 78 7c 1 4
8 c 10 14 18 1c 20 24
28 2c 30 34 38 3c 41 44
48 4c 50 54 58 5c 60 64
68 6c 70 74 78 7c 1 4
8 c 10 14 18 1c 20 24
28 2c 30 34 38 3c 41 44
48 4c 50 54 58 5c 60 64
68 6c 70 74 78 7c 1 4
8 c 10 14 18 1c 20 24
28 2c 30 34 38 3c 41 44
48 4c 50 54 58 5c 60 64
68 6c 70 74 78 7c 32*1 32*4
32*8 32*c 32*10 32*14 32*18 32*1c 32*20 32*24
32*28 32*2c 32*30 32*34 32*38 32*3c 32*1 32*4
32*8 32*c 32*10 32*14 32*18 32*1c 32*20 32*24
32*28 32*2c 32*30 32*34 32*38 33*3c 41 38
3c 34 38 30 34 2c 30 28
2c 24 28 20 24 1c 20 18
1c 14 18 10 14 c 10 8
c 4 8 1 4 3c 41 38
3c 34 38 30 34 2c 30 28
2c 24 28 20 24 1c 20 18
1c 14 18 10 14 c 10 8
c 4 8 1 4 3c 41 38
3c 34 38 30 34 2c 30 28
2c 24 28 20 24 1c 20 18
1c 14 18 10 14 c 10 8
c 4 8 1 4 3c 41 38
3c 34 38 30 34 2c 30 28
2c 24 28 20 24 1c 20 18
1c 14 18 10 14 c 10 8
c 4 8 1 4 3c 41 38
3c 34 38 30 34 2c 30 28
2c 24 28 20 24 1c 20 18
1c 14 18 10 14 c 10 8
c 4 8 1 4 3c 41 38
3c 34 38 30 34 2c 30 28
2c 24 28 20 24 1c 20 18
1c 14 18 10 14 c 10 8
c 4 8 1 4 3c 41 38
3c 34 38 30 34 2c 30 28
2c 24 28 20 24 1c 20 18
1c 14 18 10 14 c 10 8
c 4 8 1 4 3c 41 38
3c 34 38 30 34 2c 30 28
2c 24 28 20 24 1c 20 18
1c 14 18 10 14 c 10 8
c 4 8 1 4 3c 41 38
3c 34 38 30 34 2c 30 28
2c 24 28 20 24 1c 20 18
1c 14 18 10 14 c 10 8
c 4 8 1 4 3c 41 38
3c 34 38 30 34 2c 30 28
2c 24 28 20 24 1c 20 18
1c 14 18 10 14 c 10 8
c 4 8 1 4 3c 41 38
3c 34 38 30 34 2c 30 28
2c 24 28 20 24 1c 20 18
1c 14 18 10 14 c 10 8
c 4 8 1 4 3c 41 38
3c 34 38 30 34 2c 30 28
2c 24 28 20 24 1c 20 18
1c 14 18 10 14 c 10 8
c 4 8 1 4 3c 41 38
3c 34 38 30 34 2c 30 28
2c 24 28 20 24 1c 20 18
1c 14 18 10 14 c 10 8
c 4 8 1 4 3c 41 38
3c 34 38 30 34 2c 30 28
2c 24 28 20 24 1c 20 18
1c 14 18 10 14 c 10 8
c 4 8 1 4 3c 41 38
3c 34 38 30 34 2c 30 28
2c 24 28 20 24 1c 20 18
1c 14 18 10 14 c 10 8
c 4 8 1 4 3c 41 38
3c 34 38 30 34 2c 30 28
2c 24 28 20 24 1c 20 18
1c 14 18 10 14 c 10 8
c 4 8 1 4 3c 41 38
3c 34 38 30 34 2c 30 28
2c 24 28 20 24 1c 20 18
1c 14 18 10 14 c 10 8
c 4 8 1 4 3c 41 38
3c 34 38 30 34 2c 30 28
2c 24 28 20 24 1c 20 18
1c 14 18 10 14 c 10 8
c 4 8 1 4 3c 41 38
3c 34 38 30 34 2c 30 28
2c 24 28 20 24 1c 20 18
1c 14 18 10 14 c 10 8
c 4 8 1 4 3c 41 38
3c 34 38 30 34 2c 30 28
2c 24 28 20 24 1c 20 18
1c 14 18 10 14 c 10 8
c 4 8 1 4 3c 41 38
3c 34 38 30 34 2c 30 28
2c 24 28 20 24 1c 20 18
1c 14 18 10 14 c 10 8
c 4 8 1 4 3c 41 38
3c 34 38 30 34 2c 30 28
2c 24 28 20 24 1c 20 18
1c 14 18 10 14 c 10 8
c 4 8 1 4 3c 41 38
3c 34 38 30 34 2c 30 28
2c 24 28 20 24 1c 20 18
1c 14 18 10 14 c 10 8
c 4 8 1 4 3c 41 38
3c 34 38 30 34 2c 30 28
2c 24 28 20 24 1c 20 18
1c 14 18 10 14 c 10 8
c 4 8 1 4 3c 41 38
3c 34 38 30 34 2c 30 28
2c 24 28 20 24 1c 20 18
1c 14 18 10 14 c 10 8
c 4 8 1 4 3c 41 38
3c 34 38 30 34 2c 30 28
2c 24 28 20 24 1c 20 18
1c 14 18 10 14 c 10 8
c 4 8 1 4 3c 41 38
3c 34 38 30 34 2c 30 28
2c 24 28 20 24 1c 20 18
1c 14 18 10 14 c 10 8
c 4 8 1 4 3c 41 38
3c 34 38 30 34 2c 30 28
2c 24 28 20 24 1c 20 18
1c 14 18 10 14 c 10 8
c 4 8 1 4 3c 41 38
3c 34 38 30 34 2c 30 28
2c 24 28 20 24 1c 20 18
1c 14 18 10 14 c 10 8
c 4 8 1 4 3c 41 38
3c 34 38 30 34 2c 30 28
2c 24 28 20 24 1c 20 18
1c 14 18 10 14 c 10 8
c 4 8 1 4 3c 41 38
3c 34 38 30 34 2c 30 28
2c 24 28 20 24 1c 20 18
1c 14 18 10 14 c 10 8
c 4 8 1 4 3c 41 38
3c 34 38 30 34 2c 30 28
2c 24 28 20 24 1c 20 18
1c 14 18 10 14 c 10 8
c 4 8 1 4 34*1 4 4
1 1 4 4 1 1 4 4
1 1 4 4 1 1 4 4
1 1 4 4 1 1 4 4
1 1 4 4 4*1 4*8 4*1 4*8
4*1 4*8 4*1 4*8 1 1 4 4
8 8 c c 1 1 4 4
8 8 c c 1 1 4 4
8 8 c c 1 1 4 4
8 8 c c 8*1 8*10 8*1 8*10
1 1 4 4 1 1 4 4
10 10 14 14 10 10 14 14
1 1 4 4 1 1 4 4
10 10 14 14 10 10 14 14
4*1 4*8 4*10 4*18 4*1 4*8 4*10 4*18
1 1 4 4 8 8 c c
10 10 14 14 18 18 1c 1c
1 1 4 4 8 8 c c
10 10 14 14 18 18 1c 1c
16*1 16*20 1 1 4 4 1 1
4 4 1 1 4 4 1 1
4 4 20 20 24 24 20 20
24 24 20 20 24 24 20 20
24 24 4*1 4*8 4*1 4*8 4*20 4*28
4*20 4*28 1 1 4 4 8 8
c c 1 1 4 4 8 8
c c 20 20 24 24 28 28
2c 2c 20 20 24 24 28 28
2c 2c 8*1 8*10 8*20 8*30 1 1
4 4 1 1 4 4 10 10
14 14 10 10 14 14 20 20
24 24 20 20 24 24 30 30
34 34 30 30 34 34 4*1 4*8
4*10 4*18 4*20 4*28 4*30 4*38 1 1
4 4 8 8 c c 10 10
14 14 18 18 1c 1c 20 20
24 24 28 28 2c 2c 30 30
34 34 38 38 3c 3c 34*1 4
4 1 1 4 4 1 1 4
4 1 1 4 4 1 1 4
4 1 1 4 4 1 1 4
4 1 1 4 4 4*1 4*8 4*1
4*8 4*1 4*8 4*1 4*8 1 1 4
4 8 8 c c 1 1 4
4 8 8 c c 1 1 4
4 8 8 c c 1 1 4
4 8 8 c c 8*1 8*10 8*1
8*10 1 1 4 4 1 1 4
4 10 10 14 14 10 10 14
14 1 1 4 4 1 1 4
4 10 10 14 14 10 10 14
14 4*1 4*8 4*10 4*18 4*1 4*8 4*10
4*18 1 1 4 4 8 8 c
c 10 10 14 14 18 18 1c
1c 1 1 4 4 8 8 c
c 10 10 14 14 18 18 1c
1c 16*1 16*20 1 1 4 4 1
1 4 4 1 1 4 4 1
1 4 4 20 20 24 24 20
20 24 24 20 20 24 24 20
20 24 24 4*1 4*8 4*1 4*8 4*20
4*28 4*20 4*28 1 1 4 4 8
8 c c 1 1 4 4 8
8 c c 20 20 24 24 28
28 2c 2c 20 20 24 24 28
28 2c 2c 8*1 8*10 8*20 8*30 1
1 4 4 1 1 4 4 10
10 14 14 10 10 14 14 20
20 24 24 20 20 24 24 30
30 34 34 30 30 34 34 4*1
4*8 4*10 4*18 4*20 4*28 4*30 4*38 1
1 4 4 8 8 c c 10
10 14 14 18 18 1c 1c 20
20 24 24 28 28 2c 2c 30
30 34 34 38 38 3c 3c 1
1 4 4 8 8 c c 10
10 14 14 18 18 1c 1c 20
20 24 24 28 28 2c 2c 30
30 34 34 38 38 3c 3c 4*4
4*c 4*14 4*1c 4*24 4*2c 4*34 4*3c 8
8 c c 8 8 c c 18
18 1c 1c 18 18 1c 1c 28
28 2c 2c 28 28 2c 2c 38
38 3c 3c 38 38 3c 3c 8*c
8*1c 8*2c 8*3c 10 10 14 14 18
18 1c 1c 10 10 14 14 18
18 1c 1c 30 30 34 34 38
38 3c 3c 30 30 34 34 38
38 3c 3c 4*14 4*1c 4*14 4*1c 4*34
4*3c 4*34 4*3c 18 18 1c 1c 18
18 1c 1c 18 18 1c 1c 18
18 1c 1c 38 38 3c 3c 38
38 3c 3c 38 38 3c 3c 38
38 3c 3c 16*1c 16*3c 20 20 24
24 28 28 2c 2c 30 30 34
34 38 38 3c 3c 20 20 24
24 28 28 2c 2c 30 30 34
34 38 38 3c 3c 4*24 4*2c 4*34
4*3c 4*24 4*2c 4*34 4*3c 28 28 2c
2c 28 28 2c 2c 38 38 3c
3c 38 38 3c 3c 28 28 2c
2c 28 28 2c 2c 38 38 3c
3c 38 38 3c 3c 8*2c 8*3c 8*2c
8*3c 30 30 34 34 38 38 3c
3c 30 30 34 34 38 38 3c
3c 30 30 34 34 38 38 3c
3c 30 30 34 34 38 38 3c
3c 4*34 4*3c 4*34 4*3c 4*34 4*3c 4*34
4*3c 38 38 3c 3c 38 38 3c
3c 38 38 3c 3c 38 38 3c
3c 38 38 3c 3c 38 38 3c
3c 38 38 3c 3c 38 38 34*3c
1 1 4 4 8 8 c c
10 10 14 14 18 18 1c 1c
20 20 24 24 28 28 2c 2c
30 30 34 34 38 38 3c 3c
4*4 4*c 4*14 4*1c 4*24 4*2c 4*34 4*3c
8 8 c c 8 8 c c
18 18 1c 1c 18 18 1c 1c
28 28 2c 2c 28 28 2c 2c
38 38 3c 3c 38 38 3c 3c
8*c 8*1c 8*2c 8*3c 10 10 14 14
18 18 1c 1c 10 10 14 14
18 18 1c 1c 30 30 34 34
38 38 3c 3c 30 30 34 34
38 38 3c 3c 4*14 4*1c 4*14 4*1c
4*34 4*3c 4*34 4*3c 18 18 1c 1c
18 18 1c 1c 18 18 1c 1c
18 18 1c 1c 38 38 3c 3c
38 38 3c 3c 38 38 3c 3c
38 38 3c 3c 16*1c 16*3c 20 20
24 24 28 28 2c 2c 30 30
34 34 38 38 3c 3c 20 20
24 24 28 28 2c 2c 30 30
34 34 38 38 3c 3c 4*24 4*2c
4*34 4*3c 4*24 4*2c 4*34 4*3c 28 28
2c 2c 28 28 2c 2c 38 38
3c 3c 38 38 3c 3c 28 28
2c 2c 28 28 2c 2c 38 38
3c 3c 38 38 3c 3c 8*2c 8*3c
8*2c 8*3c 30 30 34 34 38 38
3c 3c 30 30 34 34 38 38
3c 3c 30 30 34 34 38 38
3c 3c 30 30 34 34 38 38
3c 3c 4*34 4*3c 4*34 4*3c 4*34 4*3c
4*34 4*3c 38 38 3c 3c 38 38
3c 3c 38 38 3c 3c 38 38
3c 3c 38 38 3c 3c 38 38
3c 3c 38 38 3c 3c 38 38
34*3c 1 1 4 4 8 8 c
c 10 10 14 14 18 18 1c
1c 20 20 24 24 28 28 2c
2c 30 30 34 34 38 38 3c
3c 4 4 1 1 c c 8
8 14 14 10 10 1c 1c 18
18 24 24 20 20 2c 2c 28
28 34 34 30 30 3c 3c 38
38 8 8 c c 1 1 4
4 18 18 1c 1c 10 10 14
14 28 28 2c 2c 20 20 24
24 38 38 3c 3c 30 30 34
34 c c 8 8 4 4 1
1 1c 1c 18 18 14 14 10
10 2c 2c 28 28 24 24 20
20 3c 3c 38 38 34 34 30
30 10 10 14 14 18 18 1c
1c 1 1 4 4 8 8 c
c 30 30 34 34 38 38 3c
3c 20 20 24 24 28 28 2c
2c 14 14 10 10 1c 1c 18
18 4 4 1 1 c c 8
8 34 34 30 30 3c 3c 38
38 24 24 20 20 2c 2c 28
28 18 18 1c 1c 10 10 14
14 8 8 c c 1 1 4
4 38 38 3c 3c 30 30 34
34 28 28 2c 2c 20 20 24
24 1c 1c 18 18 14 14 10
10 c c 8 8 4 4 1
1 3c 3c 38 38 34 34 30
30 2c 2c 28 28 24 24 4*20
24 24 28 28 2c 2c 30 30
34 34 38 38 3c 3c 1 1
4 4 8 8 c c 10 10
14 14 18 18 1c 1c 24 24
20 20 2c 2c 28 28 34 34
30 30 3c 3c 38 38 4 4
1 1 c c 8 8 14 14
10 10 1c 1c 18 18 28 28
2c 2c 20 20 24 24 38 38
3c 3c 30 30 34 34 8 8
c c 1 1 4 4 18 18
1c 1c 10 10 14 14 2c 2c
28 28 24 24 20 20 3c 3c
38 38 34 34 30 30 c c
8 8 4 4 1 1 1c 1c
18 18 14 14 10 10 30 30
34 34 38 38 3c 3c 20 20
24 24 28 28 2c 2c 10 10
14 14 18 18 1c 1c 1 1
4 4 8 8 c c 34 34
30 30 3c 3c 38 38 24 24
20 20 2c 2c 28 28 14 14
10 10 1c 1c 18 18 4 4
1 1 c c 8 8 38 38
3c 3c 30 30 34 34 28 28
2c 2c 20 20 24 24 18 18
1c 1c 10 10 14 14 8 8
c c 1 1 4 4 3c 3c
38 38 34 34 30 30 2c 2c
28 28 24 24 20 20 1c 1c
18 18 14 14 10 10 c c
8 8 4 4 4*1 4 4 8
8 c c 10 10 14 14 18
18 1c 1c 20 20 24 24 28
28 2c 2c 30 30 34 34 38
38 3c 3c 4 4 1 1 c
c 8 8 14 14 10 10 1c
1c 18 18 24 24 20 20 2c
2c 28 28 34 34 30 30 3c
3c 38 38 8 8 c c 1
1 4 4 18 18 1c 1c 10
10 14 14 28 28 2c 2c 20
20 24 24 38 38 3c 3c 30
30 34 34 c c 8 8 4
4 1 1 1c 1c 18 18 14
14 10 10 2c 2c 28 28 24
24 20 20 3c 3c 38 38 34
34 30 30 10 10 14 14 18
18 1c 1c 1 1 4 4 8
8 c c 30 30 34 34 38
38 3c 3c 20 20 24 24 28
28 2c 2c 14 14 10 10 1c
1c 18 18 4 4 1 1 c
c 8 8 34 34 30 30 3c
3c 38 38 24 24 20 20 2c
2c 28 28 18 18 1c 1c 10
10 14 14 8 8 c c 1
1 4 4 38 38 3c 3c 30
30 34 34 28 28 2c 2c 20
20 24 24 1c 1c 18 18 14
14 10 10 c c 8 8 4
4 1 1 3c 3c 38 38 34
34 30 30 2c 2c 28 28 24
24 4*20 24 24 28 28 2c 2c
30 30 34 34 38 38 3c 3c
1 1 4 4 8 8 c c
10 10 14 14 18 18 1c 1c
24 24 20 20 2c 2c 28 28
34 34 30 30 3c 3c 38 38
4 4 1 1 c c 8 8
14 14 10 10 1c 1c 18 18
28 28 2c 2c 20 20 24 24
38 38 3c 3c 30 30 34 34
8 8 c c 1 1 4 4
18 18 1c 1c 10 10 14 14
2c 2c 28 28 24 24 20 20
3c 3c 38 38 34 34 30 30
c c 8 8 4 4 1 1
1c 1c 18 18 14 14 10 10
30 30 34 34 38 38 3c 3c
20 20 24 24 28 28 2c 2c
10 10 14 14 18 18 1c 1c
1 1 4 4 8 8 c c
34 34 30 30 3c 3c 38 38
24 24 20 20 2c 2c 28 28
14 14 10 10 1c 1c 18 18
4 4 1 1 c c 8 8
38 38 3c 3c 30 30 34 34
28 28 2c 2c 20 20 24 24
18 18 1c 1c 10 10 14 14
8 8 c c 1 1 4 4
3c 3c 38 38 34 34 30 30
2c 2c 28 28 24 24 20 20
1c 1c 18 18 14 14 10 10
c c 8 8 4 4 1 1
3c 3c 38 38 34 34 30 30
2c 2c 28 28 24 24 20 20
1c 1c 18 18 14 14 10 10
c c 8 8 4 4 1 1
3c 3c 38 38 34 34 30 30
2c 2c 28 28 24 24 20 20
1c 1c 18 18 14 14 10 10
c c 8 8 4 4 1 1
3c 3c 38 38 34 34 30 30
2c 2c 28 28 24 24 20 20
1c 1c 18 18 14 14 10 10
c c 8 8 4 4 1 1
3c 3c 38 38 34 34 30 30
2c 2c 28 28 24 24 20 20
1c 1c 18 18 14 14 10 10
c c 8 8 4 4 1 1
3c 3c 38 38 34 34 30 30
2c 2c 28 28 24 24 20 20
1c 1c 18 18 14 14 10 10
c c 8 8 4 4 1 1
3c 3c 38 38 34 34 30 30
2c 2c 28 28 24 24 20 20
1c 1c 18 18 14 14 10 10
c c 8 8 4 4 1 1
3c 3c 38 38 34 34 30 30
2c 2c 28 28 24 24 20 20
1c 1c 18 18 14 14 10 10
c c 8 8 4 4 1 1
3c 3c 38 38 34 34 30 30
2c 2c 28 28 24 24 20 20
1c 1c 18 18 14 14 10 10
c c 8 8 4 4 1 1
3c 3c 38 38 34 34 30 30
2c 2c 28 28 24 24 20 20
1c 1c 18 18 14 14 10 10
c c 8 8 4 4 1 1
3c 3c 38 38 34 34 30 30
2c 2c 28 28 24 24 20 20
1c 1c 18 18 14 14 10 10
c c 8 8 4 4 1 1
3c 3c 38 38 34 34 30 30
2c 2c 28 28 24 24 20 20
1c 1c 18 18 14 14 10 10
c c 8 8 4 4 1 1
3c 3c 38 38 34 34 30 30
2c 2c 28 28 24 24 20 20
1c 1c 18 18 14 14 10 10
c c 8 8 4 4 1 1
3c 3c 38 38 34 34 30 30
2c 2c 28 28 24 24 20 20
1c 1c 18 18 14 14 10 10
c c 8 8 4 4 1 1
3c 3c 38 38 34 34 30 30
2c 2c 28 28 24 24 20 20
1c 1c 18 18 14 14 10 10
c c 8 8 4 4 1 1
3c 3c 38 38 34 34 30 30
2c 2c 28 28 24 24 20 20
1c 1c 18 18 14 14 10 10
c c 8 8 4 4 1 1
3c 3c 38 38 34 34 30 30
2c 2c 28 28 24 24 20 20
1c 1c 18 18 14 14 10 10
c c 8 8 4 4 1 1
3c 3c 38 38 34 34 30 30
2c 2c 28 28 24 24 20 20
1c 1c 18 18 14 14 10 10
c c 8 8 4 4 1 1
3c 3c 38 38 34 34 30 30
2c 2c 28 28 24 24 20 20
1c 1c 18 18 14 14 10 10
c c 8 8 4 4 1 1
3c 3c 38 38 34 34 30 30
2c 2c 28 28 24 24 20 20
1c 1c 18 18 14 14 10 10
c c 8 8 4 4 1 1
3c 3c 38 38 34 34 30 30
2c 2c 28 28 24 24 20 20
1c 1c 18 18 14 14 10 10
c c 8 8 4 4 1 1
3c 3c 38 38 34 34 30 30
2c 2c 28 28 24 24 20 20
1c 1c 18 18 14 14 10 10
c c 8 8 4 4 1 1
3c 3c 38 38 34 34 30 30
2c 2c 28 28 24 24 20 20
1c 1c 18 18 14 14 10 10
c c 8 8 4 4 1 1
3c 3c 38 38 34 34 30 30
2c 2c 28 28 24 24 20 20
1c 1c 18 18 14 14 10 10
c c 8 8 4 4 1 1
3c 3c 38 38 34 34 30 30
2c 2c 28 28 24 24 20 20
1c 1c 18 18 14 14 10 10
c c 8 8 4 4 1 1
3c 3c 38 38 34 34 30 30
2c 2c 28 28 24 24 20 20
1c 1c 18 18 14 14 10 10
c c 8 8 4 4 1 1
3c 3c 38 38 34 34 30 30
2c 2c 28 28 24 24 20 20
1c 1c 18 18 14 14 10 10
c c 8 8 4 4 1 1
3c 3c 38 38 34 34 30 30
2c 2c 28 28 24 24 20 20
1c 1c 18 18 14 14 10 10
c c 8 8 4 4 1 1
3c 3c 38 38 34 34 30 30
2c 2c 28 28 24 24 20 20
1c 1c 18 18 14 14 10 10
c c 8 8 4 4 1 1
3c 3c 38 38 34 34 30 30
2c 2c 28 28 24 24 20 20
1c 1c 18 18 14 14 10 10
c c 8 8 4 4 1 1
3c 3c 38 38 34 34 30 30
2c 2c 28 28 24 24 20 20
1c 1c 18 18 14 14 10 10
c c 8 8 4 4 1 1
3c 3c 38 38 34 34 30 30
2c 2c 28 28 24 24 20 20
1c 1c 18 18 14 14 10 10
c c 8 8 4 4 1 1
3c 3c 38 38 34 34 30 30
2c 2c 28 28 24 24 20 20
1c 1c 18 18 14 14 10 10
c c 8 8 4 4 4098*1
